method,methodHistories,authors,stmtAdded,maxStmtAdded,avgStmtAdded,stmtDeleted,maxStmtDeleted,avgStmtDeleted,churn,maxChurn,avgChurn,decl,cond,elseAdded,elseDeleted,developers,ownership,entropy,buggy
com.puppycrawl.tools.checkstyle.checks.indentation.IndentationCheckTest:testAnonymousClasses,1,1,1.0,1.0,1.0,0.0,0.0,0.0,1.0,1.0,1.0,0.0,0.0,0.0,0.0,1.0,1.0,0.0,true
com.puppycrawl.tools.checkstyle.checks.coding.nofinalizer.InputNoFinalizerFallThrough:methodFallThruC2,1,1,9.0,9.0,9.0,0.0,0.0,0.0,9.0,9.0,9.0,0.0,0.0,0.0,0.0,1.0,0.1111111111111111,0.0,true
com.puppycrawl.tools.checkstyle.checks.imports.ImportControlCheckTest:testResource,2,2,11.0,6.0,5.5,0.0,0.0,0.0,11.0,6.0,5.5,0.0,0.0,0.0,0.0,0.5,0.09090909090909091,0.0,true
com.puppycrawl.tools.checkstyle.utils.CheckUtils:getAccessModifierFromModifiersToken,1,1,20.0,20.0,20.0,0.0,0.0,0.0,20.0,20.0,20.0,0.0,4.0,-2.0,-2.0,1.0,0.05,0.0,true
com.puppycrawl.tools.checkstyle.grammars.java8.InputLambda11:main,1,1,0.0,0.0,0.0,0.0,0.0,0.0,0.0,0.0,0.0,0.0,0.0,0.0,0.0,1.0,0.0,0.0,true
com.puppycrawl.tools.checkstyle.checks.blocks.LeftCurlyCheckTest:testGetAcceptableTokens,1,1,0.0,0.0,0.0,0.0,0.0,0.0,0.0,0.0,0.0,0.0,0.0,0.0,0.0,1.0,0.0,0.0,true
com.puppycrawl.tools.checkstyle.grammars.java8.InputLambda11:testVoidLambda,1,1,0.0,0.0,0.0,0.0,0.0,0.0,0.0,0.0,0.0,0.0,0.0,0.0,0.0,1.0,0.0,0.0,true
com.puppycrawl.tools.checkstyle.api.AbstractCheckTest:getDefaultTokens,1,1,11.0,11.0,11.0,0.0,0.0,0.0,11.0,11.0,11.0,0.0,0.0,0.0,0.0,1.0,0.09090909090909091,0.0,true
com.puppycrawl.tools.checkstyle.checks.indentation.IndentationCheckTest:testValidForWithChecker,1,1,1.0,1.0,1.0,0.0,0.0,0.0,1.0,1.0,1.0,0.0,0.0,0.0,0.0,1.0,1.0,0.0,true
com.puppycrawl.tools.checkstyle.utils.CheckUtilsTest:testGetAccessModifierFromModifiersTokenWrongTokenType,2,2,11.0,11.0,5.5,0.0,0.0,0.0,11.0,11.0,5.5,0.0,0.0,0.0,0.0,0.5,0.09090909090909091,0.0,true
com.puppycrawl.tools.checkstyle.utils.TokenUtilsTest:testCorrectBehaviourOfShortDescription,1,1,6.0,6.0,6.0,0.0,0.0,0.0,6.0,6.0,6.0,0.0,0.0,0.0,0.0,1.0,0.16666666666666666,0.0,true
com.puppycrawl.tools.checkstyle.checks.coding.RequireThisCheck:isOverlappingByLocalVariable,1,1,32.0,32.0,32.0,27.0,27.0,27.0,5.0,5.0,5.0,0.0,2.0,0.0,0.0,1.0,0.03125,0.03389830508474576,true
com.puppycrawl.tools.checkstyle.utils.CheckUtilsTest:testGetTypeParameters,1,1,21.0,21.0,21.0,0.0,0.0,0.0,21.0,21.0,21.0,0.0,0.0,0.0,0.0,1.0,0.047619047619047616,0.0,true
com.puppycrawl.tools.checkstyle.checks.coding.RequireThisCheckTest:testMethodReferences,2,2,10.0,5.0,5.0,0.0,0.0,0.0,10.0,5.0,5.0,0.0,0.0,0.0,0.0,0.5,0.2,0.0,true
com.puppycrawl.tools.checkstyle.checks.javadoc.AtclauseOrderCheck:getRequiredJavadocTokens,1,1,3.0,3.0,3.0,0.0,0.0,0.0,3.0,3.0,3.0,0.0,0.0,0.0,0.0,1.0,0.3333333333333333,0.0,true
com.puppycrawl.tools.checkstyle.checks.metrics.ClassFanOutComplexityCheckTest:testRegularExpression,1,1,7.0,7.0,7.0,0.0,0.0,0.0,7.0,7.0,7.0,0.0,0.0,0.0,0.0,1.0,0.14285714285714285,0.0,true
com.puppycrawl.tools.checkstyle.checks.coding.nofinalizer.InputNoFinalizerFallThrough:methodFallThruCC,1,1,9.0,9.0,9.0,0.0,0.0,0.0,9.0,9.0,9.0,0.0,0.0,0.0,0.0,1.0,0.1111111111111111,0.0,true
com.puppycrawl.tools.checkstyle.grammars.java8.InputLambda9:testVoidLambda,1,1,0.0,0.0,0.0,0.0,0.0,0.0,0.0,0.0,0.0,0.0,0.0,0.0,0.0,1.0,0.0,0.0,true
com.puppycrawl.tools.checkstyle.checks.SuppressWarningsHolder:isSuppressedBeforeEventEnd,1,1,4.0,4.0,4.0,0.0,0.0,0.0,4.0,4.0,4.0,0.0,0.0,0.0,0.0,1.0,0.25,0.0,true
com.puppycrawl.tools.checkstyle.checks.annotation.AnnotationLocationCheckTest:testWithParameters,1,1,2.0,2.0,2.0,0.0,0.0,0.0,2.0,2.0,2.0,0.0,0.0,0.0,0.0,1.0,0.5,0.0,true
com.puppycrawl.tools.checkstyle.ant.CheckstyleAntTaskTest:testSetFileValueByFile,1,1,0.0,0.0,0.0,0.0,0.0,0.0,0.0,0.0,0.0,0.0,0.0,0.0,0.0,1.0,0.0,0.0,true
com.puppycrawl.tools.checkstyle.checks.coding.RequireThisCheck:isAnonymousClassDef,1,1,24.0,24.0,24.0,0.0,0.0,0.0,24.0,24.0,24.0,0.0,1.0,0.0,0.0,1.0,0.041666666666666664,0.0,true
com.puppycrawl.tools.checkstyle.checks.imports.ImportControlLoader:endElement,1,1,1.0,1.0,1.0,0.0,0.0,0.0,1.0,1.0,1.0,0.0,0.0,0.0,0.0,1.0,1.0,0.0,true
com.puppycrawl.tools.checkstyle.internal.CheckUtil:getConfigGoogleStyleModules,1,1,10.0,10.0,10.0,3.0,3.0,3.0,7.0,7.0,7.0,0.0,0.0,0.0,0.0,1.0,0.1,0.15384615384615385,true
com.puppycrawl.tools.checkstyle.checks.naming.methodtypeparametername.InputMethodTypeParameterName:foo,1,1,2.0,2.0,2.0,0.0,0.0,0.0,2.0,2.0,2.0,0.0,0.0,0.0,0.0,1.0,0.5,0.0,true
com.puppycrawl.tools.checkstyle.checks.design.MutableExceptionCheck:isExtendedClassNamedAsException,2,2,4.0,3.0,2.0,0.0,0.0,0.0,4.0,3.0,2.0,0.0,0.0,0.0,0.0,0.5,0.25,0.0,true
com.puppycrawl.tools.checkstyle.JavadocDetailNodeParser:getLine,1,1,4.0,4.0,4.0,0.0,0.0,0.0,4.0,4.0,4.0,0.0,0.0,0.0,0.0,1.0,0.25,0.0,true
com.puppycrawl.tools.checkstyle.checks.design.VisibilityModifierCheck:getGenericTypeArgs,1,1,1.0,1.0,1.0,0.0,0.0,0.0,1.0,1.0,1.0,0.0,0.0,0.0,0.0,1.0,1.0,0.0,false
com.puppycrawl.tools.checkstyle.checks.blocks.RightCurlyCheck:getDefaultTokens,2,2,34.0,33.0,17.0,34.0,34.0,17.0,0.0,-1.0,0.0,0.0,0.0,0.0,0.0,0.5,0.029411764705882353,0.029411764705882353,true
com.puppycrawl.tools.checkstyle.checks.indentation.IndentationCheckTest:testInvalidTryWithChecker,2,2,1.0,1.0,0.5,0.0,0.0,0.0,1.0,1.0,0.5,0.0,0.0,0.0,0.0,0.5,1.0,0.0,true
com.puppycrawl.tools.checkstyle.internal.CommitValidationTest:validateCommitMessage,1,1,1.0,1.0,1.0,0.0,0.0,0.0,1.0,1.0,1.0,0.0,0.0,0.0,0.0,1.0,1.0,0.0,true
com.puppycrawl.tools.checkstyle.PropertyCacheFileTest:testConfigHashOnReset,1,1,10.0,10.0,10.0,0.0,0.0,0.0,10.0,10.0,10.0,0.0,0.0,0.0,0.0,1.0,0.1,0.0,true
com.google.checkstyle.test.base.BaseCheckTestSupport:getConfiguration,1,1,0.0,0.0,0.0,0.0,0.0,0.0,0.0,0.0,0.0,0.0,0.0,0.0,0.0,1.0,0.0,0.0,true
com.puppycrawl.tools.checkstyle.checks.coding.ReturnCountCheckTest:getPath,1,1,2.0,2.0,2.0,0.0,0.0,0.0,2.0,2.0,2.0,0.0,0.0,0.0,0.0,1.0,0.5,0.0,true
com.puppycrawl.tools.checkstyle.checks.imports.ImportOrderCheckTest:testUseContainerOrderingForStaticTrue,2,2,12.0,12.0,6.0,0.0,0.0,0.0,12.0,12.0,6.0,0.0,0.0,0.0,0.0,0.5,0.08333333333333333,0.0,true
com.puppycrawl.tools.checkstyle.checks.metrics.NPathComplexityCheckTest:testDefaultHooks,1,1,15.0,15.0,15.0,0.0,0.0,0.0,15.0,15.0,15.0,0.0,0.0,0.0,0.0,1.0,0.06666666666666667,0.0,true
com.puppycrawl.tools.checkstyle.checks.TranslationCheckTest:testLogIoException,3,2,6.0,5.0,2.0,1.0,1.0,0.3333333333333333,5.0,4.0,1.6666666666666667,0.0,0.0,0.0,0.0,0.6666666666666666,0.16666666666666666,0.42857142857142855,true
com.puppycrawl.tools.checkstyle.MainTest:testListFilesNotFile,1,1,8.0,8.0,8.0,0.0,0.0,0.0,8.0,8.0,8.0,0.0,0.0,0.0,0.0,1.0,0.125,0.0,true
com.puppycrawl.tools.checkstyle.PropertyCacheFileTest:testPutNonExsistingExternalResourceSameExceptionBetweenRuns,2,2,30.0,30.0,15.0,0.0,0.0,0.0,30.0,30.0,15.0,0.0,0.0,0.0,0.0,0.5,0.03333333333333333,0.0,true
com.puppycrawl.tools.checkstyle.grammars.javadoc.JavadocParseTreeTest:docRootInheritDoc,2,1,0.0,0.0,0.0,5.0,5.0,2.5,-5.0,-5.0,-2.5,0.0,0.0,0.0,0.0,1.0,0.0,0.0,true
com.puppycrawl.tools.checkstyle.checks.indentation.IndentationCheckTest:isCommentConsistent,1,1,7.0,7.0,7.0,0.0,0.0,0.0,7.0,7.0,7.0,0.0,0.0,0.0,0.0,1.0,0.14285714285714285,0.0,true
com.puppycrawl.tools.checkstyle.MainTest:testConflictingOptionsTvsP,1,1,26.0,26.0,26.0,90.0,90.0,90.0,-64.0,-64.0,-64.0,0.0,0.0,0.0,0.0,1.0,0.038461538461538464,0.017241379310344827,true
com.puppycrawl.tools.checkstyle.MainTest:testConflictingOptionsTvsO,1,1,26.0,26.0,26.0,90.0,90.0,90.0,-64.0,-64.0,-64.0,0.0,0.0,0.0,0.0,1.0,0.038461538461538464,0.017241379310344827,true
com.puppycrawl.tools.checkstyle.checks.indentation.indentation.InputIndentationValidForIndent:method1,1,1,0.0,0.0,0.0,0.0,0.0,0.0,0.0,0.0,0.0,0.0,0.0,0.0,0.0,1.0,0.0,0.0,true
com.puppycrawl.tools.checkstyle.checks.metrics.AbstractClassCouplingCheck:getLogMessageId,1,1,0.0,0.0,0.0,0.0,0.0,0.0,0.0,0.0,0.0,0.0,0.0,0.0,0.0,1.0,0.0,0.0,true
com.puppycrawl.tools.checkstyle.utils.ModuleReflectionUtils:isValidCheckstyleClass,1,1,4.0,4.0,4.0,0.0,0.0,0.0,4.0,4.0,4.0,0.0,0.0,0.0,0.0,1.0,0.25,0.0,true
com.puppycrawl.tools.checkstyle.utils.blockcommentposition.InputBlockCommentPositionOnConstructor:InputBlockCommentPositionOnConstructor,1,1,3.0,3.0,3.0,0.0,0.0,0.0,3.0,3.0,3.0,0.0,0.0,0.0,0.0,1.0,0.3333333333333333,0.0,true
com.puppycrawl.tools.checkstyle.grammars.javadoc.JavadocParseTreeTest:testAsteriskInJavadocInlineTag,2,1,3.0,3.0,1.5,0.0,0.0,0.0,3.0,3.0,1.5,0.0,0.0,0.0,0.0,1.0,0.3333333333333333,0.0,true
com.puppycrawl.tools.checkstyle.MainTest:testConflictingOptionsTvsF,1,1,26.0,26.0,26.0,90.0,90.0,90.0,-64.0,-64.0,-64.0,0.0,0.0,0.0,0.0,1.0,0.038461538461538464,0.017241379310344827,true
com.puppycrawl.tools.checkstyle.checks.coding.DefaultComesLastCheck:visitToken,1,1,47.0,47.0,47.0,0.0,0.0,0.0,47.0,47.0,47.0,0.0,3.0,-2.0,-2.0,1.0,0.02127659574468085,0.0,true
com.google.checkstyle.test.chapter5naming.rule521packagenames.PackageNameTest:testBadPackageName,1,1,6.0,6.0,6.0,0.0,0.0,0.0,6.0,6.0,6.0,0.0,0.0,0.0,0.0,1.0,0.16666666666666666,0.0,true
com.puppycrawl.tools.checkstyle.checks.coding.nofinalizer.InputNoFinalizerFallThrough:methodFallThru,1,1,9.0,9.0,9.0,0.0,0.0,0.0,9.0,9.0,9.0,0.0,0.0,0.0,0.0,1.0,0.1111111111111111,0.0,true
com.puppycrawl.tools.checkstyle.filters.BeforeExecutionFileFilterSetTest:testClear,2,2,15.0,8.0,7.5,0.0,0.0,0.0,15.0,8.0,7.5,0.0,0.0,0.0,0.0,0.5,0.06666666666666667,0.0,true
com.puppycrawl.tools.checkstyle.MainTest:testFileReferenceDuringException,1,1,26.0,26.0,26.0,90.0,90.0,90.0,-64.0,-64.0,-64.0,0.0,0.0,0.0,0.0,1.0,0.038461538461538464,0.017241379310344827,true
com.puppycrawl.tools.checkstyle.PackageObjectFactory:PackageObjectFactory,3,3,26.0,14.0,8.666666666666666,0.0,0.0,0.0,26.0,14.0,8.666666666666666,0.0,0.0,0.0,0.0,0.3333333333333333,0.038461538461538464,0.0,true
com.puppycrawl.tools.checkstyle.BaseCheckTestSupport:verify,3,2,2.0,2.0,0.6666666666666666,6.0,6.0,2.0,-4.0,-4.0,-1.3333333333333335,0.0,0.0,0.0,0.0,0.6666666666666666,1.0,0.5,true
com.puppycrawl.tools.checkstyle.internal.XdocsPagesTest:validateSinceDescriptionSection,1,1,9.0,9.0,9.0,0.0,0.0,0.0,9.0,9.0,9.0,0.0,0.0,0.0,0.0,1.0,0.1111111111111111,0.0,true
com.puppycrawl.tools.checkstyle.checks.coding.subpackage.InputPackageDiffDirectoryAtSubpackage:get,1,1,2.0,2.0,2.0,0.0,0.0,0.0,2.0,2.0,2.0,0.0,0.0,0.0,0.0,1.0,0.5,0.0,true
com.puppycrawl.tools.checkstyle.CheckerTest:testHaltOnExceptionOff,3,2,18.0,15.0,6.0,0.0,0.0,0.0,18.0,15.0,6.0,0.0,0.0,0.0,0.0,0.6666666666666666,0.05555555555555555,0.0,true
com.puppycrawl.tools.checkstyle.checks.indentation.MethodCallHandler:checkIndentation,1,1,2.0,2.0,2.0,0.0,0.0,0.0,2.0,2.0,2.0,0.0,0.0,0.0,0.0,1.0,0.5,0.0,true
com.puppycrawl.tools.checkstyle.internal.CommitValidationTest:testHasCommits,1,1,0.0,0.0,0.0,0.0,0.0,0.0,0.0,0.0,0.0,0.0,0.0,0.0,0.0,1.0,0.0,0.0,true
com.puppycrawl.tools.checkstyle.internal.CommitValidationTest:testCommitMessageHasProperStructure,1,1,1.0,1.0,1.0,1.0,1.0,1.0,0.0,0.0,0.0,0.0,0.0,0.0,0.0,1.0,1.0,1.0,true
com.puppycrawl.tools.checkstyle.checks.imports.AccessResultTest:testAccessResultValues,1,1,5.0,5.0,5.0,0.0,0.0,0.0,5.0,5.0,5.0,0.0,0.0,0.0,0.0,1.0,0.2,0.0,true
com.puppycrawl.tools.checkstyle.checks.SuppressWarningsHolderTest:testIsSuppressedWithAllArgument,1,1,0.0,0.0,0.0,0.0,0.0,0.0,0.0,0.0,0.0,0.0,0.0,0.0,0.0,1.0,0.0,0.0,true
com.puppycrawl.tools.checkstyle.checks.coding.FinalLocalVariableCheck:shouldRemoveFinalVariableCandidate,1,1,11.0,11.0,11.0,0.0,0.0,0.0,11.0,11.0,11.0,0.0,2.0,-1.0,-1.0,1.0,0.09090909090909091,0.0,true
com.puppycrawl.tools.checkstyle.checks.indentation.indentation.InputIndentationValidSwitchIndent:InputIndentationValidSwitchIndent,1,1,3.0,3.0,3.0,0.0,0.0,0.0,3.0,3.0,3.0,0.0,0.0,0.0,0.0,1.0,0.3333333333333333,0.0,true
com.puppycrawl.tools.checkstyle.utils.checkutils.InputCheckUtilsTest:equals,1,1,9.0,9.0,9.0,0.0,0.0,0.0,9.0,9.0,9.0,0.0,1.0,-1.0,-1.0,1.0,0.1111111111111111,0.0,true
com.puppycrawl.tools.checkstyle.AstTreeStringPrinterTest:testParseFileWithJavadoc2,2,2,6.0,5.0,3.0,1.0,1.0,0.5,5.0,4.0,2.5,0.0,0.0,0.0,0.0,0.5,0.16666666666666666,0.2857142857142857,true
com.puppycrawl.tools.checkstyle.AstTreeStringPrinterTest:testParseFileWithJavadoc3,3,3,6.0,5.0,2.0,1.0,1.0,0.3333333333333333,5.0,4.0,1.6666666666666667,0.0,0.0,0.0,0.0,0.3333333333333333,0.16666666666666666,0.42857142857142855,true
com.puppycrawl.tools.checkstyle.AstTreeStringPrinterTest:testParseFileWithJavadoc1,2,2,6.0,5.0,3.0,1.0,1.0,0.5,5.0,4.0,2.5,0.0,0.0,0.0,0.0,0.5,0.16666666666666666,0.2857142857142857,true
com.puppycrawl.tools.checkstyle.api.DetailAST:setFirstChild,2,2,23.0,13.0,11.5,0.0,0.0,0.0,23.0,13.0,11.5,0.0,0.0,0.0,0.0,0.5,0.043478260869565216,0.0,true
com.puppycrawl.tools.checkstyle.utils.CommonUtilsTest:testIsIdentifierEmptyString,1,1,3.0,3.0,3.0,0.0,0.0,0.0,3.0,3.0,3.0,0.0,0.0,0.0,0.0,1.0,0.3333333333333333,0.0,true
com.puppycrawl.tools.checkstyle.checks.header.RegexpHeaderCheckTest:testSetHeader,2,2,1.0,1.0,0.5,0.0,0.0,0.0,1.0,1.0,0.5,0.0,0.0,0.0,0.0,0.5,1.0,0.0,true
com.google.checkstyle.test.chapter4formatting.rule462horizontalwhitespace.ParenPadTest:testMethodParen,3,3,13.0,10.0,4.333333333333333,0.0,0.0,0.0,13.0,10.0,4.333333333333333,0.0,0.0,0.0,0.0,0.3333333333333333,0.07692307692307693,0.0,true
com.puppycrawl.tools.checkstyle.gui.Main:main,1,1,7.0,7.0,7.0,10.0,10.0,10.0,-3.0,-3.0,-3.0,0.0,0.0,0.0,0.0,1.0,0.14285714285714285,0.11764705882352941,true
com.puppycrawl.tools.checkstyle.utils.checkutils.InputCheckUtilsTest:doSomething,1,1,9.0,9.0,9.0,0.0,0.0,0.0,9.0,9.0,9.0,0.0,1.0,-1.0,-1.0,1.0,0.1111111111111111,0.0,true
com.puppycrawl.tools.checkstyle.checks.javadoc.SummaryJavadocCheckTest:testIncorrect,1,1,0.0,0.0,0.0,0.0,0.0,0.0,0.0,0.0,0.0,0.0,0.0,0.0,0.0,1.0,0.0,0.0,true
com.puppycrawl.tools.checkstyle.checks.whitespace.NoWhitespaceAfterCheck:getArrayDeclaratorPreviousElement,1,1,0.0,0.0,0.0,0.0,0.0,0.0,0.0,0.0,0.0,0.0,0.0,0.0,0.0,1.0,0.0,0.0,true
com.puppycrawl.tools.checkstyle.checks.coding.RequireThisCheck:findFrame,1,1,32.0,32.0,32.0,27.0,27.0,27.0,5.0,5.0,5.0,0.0,2.0,0.0,0.0,1.0,0.03125,0.03389830508474576,true
com.puppycrawl.tools.checkstyle.checks.blocks.rightcurly.InputRightCurlyDoWhile:foo3,1,1,9.0,9.0,9.0,0.0,0.0,0.0,9.0,9.0,9.0,0.0,0.0,0.0,0.0,1.0,0.1111111111111111,0.0,true
com.puppycrawl.tools.checkstyle.checks.blocks.NeedBracesCheck:isDefaultInAnnotation,3,3,44.0,44.0,14.666666666666666,9.0,9.0,3.0,35.0,35.0,11.666666666666666,0.0,1.0,-1.0,-1.0,0.3333333333333333,0.045454545454545456,0.07547169811320754,true
com.puppycrawl.tools.checkstyle.gui.MainFrameModelTest:testOpenFileWithParseModePlainJava,1,1,3.0,3.0,3.0,0.0,0.0,0.0,3.0,3.0,3.0,0.0,0.0,0.0,0.0,1.0,0.3333333333333333,0.0,true
com.puppycrawl.tools.checkstyle.checks.blocks.rightcurly.InputRightCurlyDoWhile:foo4,1,1,9.0,9.0,9.0,0.0,0.0,0.0,9.0,9.0,9.0,0.0,0.0,0.0,0.0,1.0,0.1111111111111111,0.0,true
com.puppycrawl.tools.checkstyle.checks.AbstractTypeAwareCheck:createClassInfo,1,1,9.0,9.0,9.0,0.0,0.0,0.0,9.0,9.0,9.0,0.0,0.0,-1.0,-1.0,1.0,0.1111111111111111,0.0,true
com.puppycrawl.tools.checkstyle.checks.design.designforextension.InputDesignForExtensionIgnoredAnnotations:foo20,2,2,3.0,3.0,1.5,0.0,0.0,0.0,3.0,3.0,1.5,0.0,0.0,0.0,0.0,0.5,0.3333333333333333,0.0,true
com.puppycrawl.tools.checkstyle.checks.design.designforextension.InputDesignForExtensionIgnoredAnnotations:foo21,2,2,3.0,3.0,1.5,0.0,0.0,0.0,3.0,3.0,1.5,0.0,0.0,0.0,0.0,0.5,0.3333333333333333,0.0,true
com.puppycrawl.tools.checkstyle.checks.blocks.rightcurly.InputRightCurlyDoWhile:foo2,1,1,9.0,9.0,9.0,0.0,0.0,0.0,9.0,9.0,9.0,0.0,0.0,0.0,0.0,1.0,0.1111111111111111,0.0,true
com.puppycrawl.tools.checkstyle.checks.design.designforextension.InputDesignForExtensionIgnoredAnnotations:foo22,1,1,3.0,3.0,3.0,0.0,0.0,0.0,3.0,3.0,3.0,0.0,0.0,0.0,0.0,1.0,0.3333333333333333,0.0,true
com.puppycrawl.tools.checkstyle.checks.design.designforextension.InputDesignForExtensionIgnoredAnnotations:foo23,1,1,3.0,3.0,3.0,0.0,0.0,0.0,3.0,3.0,3.0,0.0,0.0,0.0,0.0,1.0,0.3333333333333333,0.0,true
com.puppycrawl.tools.checkstyle.checks.indentation.IndentationCheckTest:testGetAcceptableTokens,2,2,6.0,5.0,3.0,0.0,0.0,0.0,6.0,5.0,3.0,0.0,0.0,0.0,0.0,0.5,0.16666666666666666,0.0,true
com.puppycrawl.tools.checkstyle.checks.design.designforextension.InputDesignForExtensionIgnoredAnnotations:foo24,1,1,3.0,3.0,3.0,0.0,0.0,0.0,3.0,3.0,3.0,0.0,0.0,0.0,0.0,1.0,0.3333333333333333,0.0,true
com.puppycrawl.tools.checkstyle.CheckerTest:testFileExtensions,1,1,0.0,0.0,0.0,0.0,0.0,0.0,0.0,0.0,0.0,0.0,0.0,0.0,0.0,1.0,0.0,0.0,true
com.puppycrawl.tools.checkstyle.checks.indentation.BlockParentHandler:getChildrenExpectedIndent,1,1,5.0,5.0,5.0,0.0,0.0,0.0,5.0,5.0,5.0,0.0,0.0,0.0,0.0,1.0,0.2,0.0,true
com.puppycrawl.tools.checkstyle.checks.indentation.IndentationCheckTest:testValidMethodWithChecker,1,1,1.0,1.0,1.0,0.0,0.0,0.0,1.0,1.0,1.0,0.0,0.0,0.0,0.0,1.0,1.0,0.0,true
com.puppycrawl.tools.checkstyle.CheckerTest:testCatchErrorInProcessFilesMethod,2,2,5.0,5.0,2.5,0.0,0.0,0.0,5.0,5.0,2.5,0.0,0.0,0.0,0.0,0.5,0.2,0.0,true
com.puppycrawl.tools.checkstyle.checks.ClassResolverTest:testResolveQualifiedNameFails,1,1,6.0,6.0,6.0,0.0,0.0,0.0,6.0,6.0,6.0,0.0,0.0,0.0,0.0,1.0,0.16666666666666666,0.0,true
com.puppycrawl.tools.checkstyle.api.AbstractCheckTest:testGetRequiredTokens,1,1,13.0,13.0,13.0,0.0,0.0,0.0,13.0,13.0,13.0,0.0,0.0,0.0,0.0,1.0,0.07692307692307693,0.0,true
com.puppycrawl.tools.checkstyle.checks.javadoc.JavadocMethodCheckTest:testGetAcceptableTokens,1,1,1.0,1.0,1.0,0.0,0.0,0.0,1.0,1.0,1.0,0.0,0.0,0.0,0.0,1.0,1.0,0.0,true
com.puppycrawl.tools.checkstyle.TreeWalker:getExternalResourceLocations,3,3,4.0,2.0,1.3333333333333333,4.0,4.0,1.3333333333333333,0.0,-2.0,0.0,0.0,0.0,0.0,0.0,0.3333333333333333,0.5,0.5,true
com.puppycrawl.tools.checkstyle.checks.SuppressWarningsHolderTest:testSetAliasListCorrect,1,1,0.0,0.0,0.0,0.0,0.0,0.0,0.0,0.0,0.0,0.0,0.0,0.0,0.0,1.0,0.0,0.0,true
com.puppycrawl.tools.checkstyle.checks.coding.FinalLocalVariableCheck:leaveToken,1,1,8.0,8.0,8.0,0.0,0.0,0.0,8.0,8.0,8.0,0.0,1.0,0.0,0.0,1.0,0.125,0.0,true
com.puppycrawl.tools.checkstyle.main.InputComplexitySwitchBlocks:foo2,1,1,16.0,16.0,16.0,0.0,0.0,0.0,16.0,16.0,16.0,0.0,0.0,0.0,0.0,1.0,0.0625,0.0,true
com.puppycrawl.tools.checkstyle.gui.MainFrameModel:parseFileWithComments,1,1,3.0,3.0,3.0,0.0,0.0,0.0,3.0,3.0,3.0,0.0,0.0,0.0,0.0,1.0,0.3333333333333333,0.0,true
com.puppycrawl.tools.checkstyle.packageobjectfactory.foo.FooCheck:getDefaultTokens,1,1,3.0,3.0,3.0,0.0,0.0,0.0,3.0,3.0,3.0,0.0,0.0,0.0,0.0,1.0,0.3333333333333333,0.0,true
com.puppycrawl.tools.checkstyle.checks.imports.IllegalImportCheckTest:testWithDefault,1,1,6.0,6.0,6.0,0.0,0.0,0.0,6.0,6.0,6.0,0.0,0.0,0.0,0.0,1.0,0.16666666666666666,0.0,true
com.puppycrawl.tools.checkstyle.grammars.javadoc.JavadocParseTreeTest:testInlineCustomJavadocTag,3,1,6.0,6.0,2.0,5.0,5.0,1.6666666666666667,1.0,1.0,0.33333333333333326,0.0,0.0,0.0,0.0,1.0,0.3333333333333333,0.36363636363636365,true
com.puppycrawl.tools.checkstyle.internal.CheckUtil:getCheckstyleModules,2,2,11.0,10.0,5.5,23.0,20.0,11.5,-12.0,-10.0,-6.0,0.0,1.0,0.0,0.0,0.5,0.09090909090909091,0.058823529411764705,true
com.puppycrawl.tools.checkstyle.grammars.java8.InputLambda2:main,1,1,0.0,0.0,0.0,0.0,0.0,0.0,0.0,0.0,0.0,0.0,0.0,0.0,0.0,1.0,0.0,0.0,true
com.puppycrawl.tools.checkstyle.PackageObjectFactory:fillModulesFromCheckstylePackage,1,1,5.0,5.0,5.0,0.0,0.0,0.0,5.0,5.0,5.0,0.0,0.0,0.0,0.0,1.0,0.2,0.0,true
com.puppycrawl.tools.checkstyle.checks.regexp.RegexpOnFilenameCheck:getFileName,1,1,1.0,1.0,1.0,0.0,0.0,0.0,1.0,1.0,1.0,0.0,0.0,0.0,0.0,1.0,1.0,0.0,true
com.puppycrawl.tools.checkstyle.checks.naming.ParameterNameCheck:getAccessModifier,1,1,4.0,4.0,4.0,0.0,0.0,0.0,4.0,4.0,4.0,0.0,0.0,0.0,0.0,1.0,0.25,0.0,true
com.puppycrawl.tools.checkstyle.internal.ConfigurationUtil:getModules,1,1,9.0,9.0,9.0,0.0,0.0,0.0,9.0,9.0,9.0,0.0,1.0,0.0,0.0,1.0,0.1111111111111111,0.0,true
com.puppycrawl.tools.checkstyle.internal.TestUtils:findTokenInAstByPredicate,1,1,19.0,19.0,19.0,0.0,0.0,0.0,19.0,19.0,19.0,0.0,2.0,0.0,0.0,1.0,0.05263157894736842,0.0,true
com.puppycrawl.tools.checkstyle.checks.whitespace.InputWhitespaceAfter:testDo,1,1,8.0,8.0,8.0,0.0,0.0,0.0,8.0,8.0,8.0,0.0,0.0,0.0,0.0,1.0,0.125,0.0,true
com.puppycrawl.tools.checkstyle.checks.coding.DefaultComesLastCheckTest:testDefault,2,2,6.0,6.0,3.0,0.0,0.0,0.0,6.0,6.0,3.0,0.0,0.0,0.0,0.0,0.5,0.16666666666666666,0.0,true
com.puppycrawl.tools.checkstyle.api.LocalizedMessages:getMessages,1,1,1.0,1.0,1.0,1.0,1.0,1.0,0.0,0.0,0.0,0.0,0.0,0.0,0.0,1.0,1.0,1.0,true
com.puppycrawl.tools.checkstyle.checks.coding.IllegalThrowsCheck:visitToken,1,1,1.0,1.0,1.0,1.0,1.0,1.0,0.0,0.0,0.0,0.0,0.0,0.0,0.0,1.0,1.0,1.0,true
com.puppycrawl.tools.checkstyle.gui.ParseTreeTablePresentation:getValueAtDetailNode,1,1,77.0,77.0,77.0,4.0,4.0,4.0,73.0,73.0,73.0,0.0,1.0,-1.0,-1.0,1.0,0.012987012987012988,0.024691358024691357,true
com.puppycrawl.tools.checkstyle.checks.whitespace.whitespaceafter.InputWhitespaceAfterLiteralFor:testIfElse,1,1,8.0,8.0,8.0,0.0,0.0,0.0,8.0,8.0,8.0,0.0,0.0,0.0,0.0,1.0,0.125,0.0,true
com.puppycrawl.tools.checkstyle.checks.javadoc.JavadocMethodCheck:calculateScope,2,2,14.0,13.0,7.0,5.0,4.0,2.5,9.0,9.0,4.5,0.0,0.0,-1.0,-1.0,0.5,0.07142857142857142,0.10526315789473684,true
com.puppycrawl.tools.checkstyle.checks.indentation.IndentationCheckTest:testThrowsIndentProperty,1,1,1.0,1.0,1.0,0.0,0.0,0.0,1.0,1.0,1.0,0.0,0.0,0.0,0.0,1.0,1.0,0.0,true
com.puppycrawl.tools.checkstyle.checks.javadoc.TagParser:parseTag,1,1,0.0,0.0,0.0,0.0,0.0,0.0,0.0,0.0,0.0,0.0,0.0,0.0,0.0,1.0,0.0,0.0,true
com.puppycrawl.tools.checkstyle.filters.SuppressionFilterTest:createSuppressionFilter,1,1,11.0,11.0,11.0,0.0,0.0,0.0,11.0,11.0,11.0,0.0,0.0,0.0,0.0,1.0,0.09090909090909091,0.0,true
com.puppycrawl.tools.checkstyle.checks.sizes.methodlength.InputMethodLengthModifier:someMethod3,1,1,3.0,3.0,3.0,0.0,0.0,0.0,3.0,3.0,3.0,0.0,0.0,0.0,0.0,1.0,0.3333333333333333,0.0,true
com.puppycrawl.tools.checkstyle.checks.sizes.methodlength.InputMethodLengthModifier:someMethod4,1,1,3.0,3.0,3.0,0.0,0.0,0.0,3.0,3.0,3.0,0.0,0.0,0.0,0.0,1.0,0.3333333333333333,0.0,true
com.puppycrawl.tools.checkstyle.checks.blocks.NeedBracesCheckTest:getNonCompilablePath,1,1,2.0,2.0,2.0,0.0,0.0,0.0,2.0,2.0,2.0,0.0,0.0,0.0,0.0,1.0,0.5,0.0,true
com.puppycrawl.tools.checkstyle.checks.sizes.methodlength.InputMethodLengthModifier:someMethod5,1,1,3.0,3.0,3.0,0.0,0.0,0.0,3.0,3.0,3.0,0.0,0.0,0.0,0.0,1.0,0.3333333333333333,0.0,true
com.puppycrawl.tools.checkstyle.utils.CommonUtilsTest:testIsBlankAheadWhitespace,1,1,3.0,3.0,3.0,0.0,0.0,0.0,3.0,3.0,3.0,0.0,0.0,0.0,0.0,1.0,0.3333333333333333,0.0,true
com.puppycrawl.tools.checkstyle.checks.coding.PackageDeclarationCheckTest:testDefaultWithPackage,2,2,6.0,6.0,3.0,0.0,0.0,0.0,6.0,6.0,3.0,0.0,0.0,0.0,0.0,0.5,0.16666666666666666,0.0,true
com.puppycrawl.tools.checkstyle.checks.design.FinalClassCheckTest:testClassWithPrivateCtorAndNestedExtendingSubclass,1,1,0.0,0.0,0.0,0.0,0.0,0.0,0.0,0.0,0.0,0.0,0.0,0.0,0.0,1.0,0.0,0.0,true
com.google.checkstyle.test.chapter4formatting.rule413emptyblocks.EmptyBlockTest:testEmptyBlock,1,1,7.0,7.0,7.0,0.0,0.0,0.0,7.0,7.0,7.0,0.0,0.0,0.0,0.0,1.0,0.14285714285714285,0.0,true
com.puppycrawl.tools.checkstyle.checks.imports.CustomImportOrderCheck:getCountOfEmptyLinesBefore,2,2,11.0,11.0,5.5,0.0,0.0,0.0,11.0,11.0,5.5,0.0,0.0,0.0,0.0,0.5,0.09090909090909091,0.0,true
com.puppycrawl.tools.checkstyle.checks.header.RegexpHeaderCheckTest:testEmptyFilename,1,1,0.0,0.0,0.0,0.0,0.0,0.0,0.0,0.0,0.0,0.0,0.0,0.0,0.0,1.0,0.0,0.0,true
com.puppycrawl.tools.checkstyle.grammars.javadoc.JavadocParseTreeTest:getHtmlPath,1,1,0.0,0.0,0.0,5.0,5.0,5.0,-5.0,-5.0,-5.0,0.0,0.0,0.0,0.0,1.0,0.0,0.0,true
com.puppycrawl.tools.checkstyle.checks.regexp.RegexpOnFilenameCheck:setFileNamePattern,1,1,2.0,2.0,2.0,0.0,0.0,0.0,2.0,2.0,2.0,0.0,0.0,0.0,0.0,1.0,0.5,0.0,true
com.puppycrawl.tools.checkstyle.checks.indentation.IndentationCheckTest:testValidClassDefWithChecker,1,1,1.0,1.0,1.0,0.0,0.0,0.0,1.0,1.0,1.0,0.0,0.0,0.0,0.0,1.0,1.0,0.0,true
com.puppycrawl.tools.checkstyle.checks.annotation.PackageAnnotationCheckTest:getPath,1,1,0.0,0.0,0.0,0.0,0.0,0.0,0.0,0.0,0.0,0.0,0.0,0.0,0.0,1.0,0.0,0.0,true
com.puppycrawl.tools.checkstyle.PackageObjectFactoryTest:testConstructorFailure,4,4,22.0,10.0,5.5,0.0,0.0,0.0,22.0,10.0,5.5,0.0,0.0,0.0,0.0,0.25,0.09090909090909091,0.0,true
com.puppycrawl.tools.checkstyle.checks.whitespace.SingleSpaceSeparatorCheckTest:getPath,1,1,0.0,0.0,0.0,0.0,0.0,0.0,0.0,0.0,0.0,0.0,0.0,0.0,0.0,1.0,0.0,0.0,true
com.puppycrawl.tools.checkstyle.MainTest:testPrintFullTreeOption,2,2,26.0,26.0,13.0,90.0,90.0,45.0,-64.0,-64.0,-32.0,0.0,0.0,0.0,0.0,0.5,0.038461538461538464,0.017241379310344827,true
com.puppycrawl.tools.checkstyle.utils.ModuleReflectionUtils:isRootModule,1,1,4.0,4.0,4.0,0.0,0.0,0.0,4.0,4.0,4.0,0.0,0.0,0.0,0.0,1.0,0.25,0.0,true
com.puppycrawl.tools.checkstyle.checks.imports.CustomImportOrderCheckTest:testWithoutThirdPartyPackage,1,1,9.0,9.0,9.0,0.0,0.0,0.0,9.0,9.0,9.0,0.0,0.0,0.0,0.0,1.0,0.1111111111111111,0.0,true
com.puppycrawl.tools.checkstyle.PropertyCacheFile:remove,1,1,4.0,4.0,4.0,0.0,0.0,0.0,4.0,4.0,4.0,0.0,0.0,0.0,0.0,1.0,0.25,0.0,true
com.puppycrawl.tools.checkstyle.TreeWalkerTest:testWithCheckNotHavingTreeWalkerAsParent,1,1,0.0,0.0,0.0,0.0,0.0,0.0,0.0,0.0,0.0,0.0,0.0,0.0,0.0,1.0,0.0,0.0,true
com.puppycrawl.tools.checkstyle.checks.metrics.ClassDataAbstractionCouplingCheckTest:testExludedPackageCommonPackages,1,1,7.0,7.0,7.0,0.0,0.0,0.0,7.0,7.0,7.0,0.0,0.0,0.0,0.0,1.0,0.14285714285714285,0.0,true
com.puppycrawl.tools.checkstyle.MainTest:testWrongArgument,1,1,26.0,26.0,26.0,90.0,90.0,90.0,-64.0,-64.0,-64.0,0.0,0.0,0.0,0.0,1.0,0.038461538461538464,0.017241379310344827,true
com.puppycrawl.tools.checkstyle.checks.coding.DeclarationOrderCheck:processModifiersSubState,1,1,0.0,0.0,0.0,0.0,0.0,0.0,0.0,0.0,0.0,0.0,0.0,0.0,0.0,1.0,0.0,0.0,true
com.puppycrawl.tools.checkstyle.checks.imports.ImportOrderCheck:setGroups,1,1,1.0,1.0,1.0,1.0,1.0,1.0,0.0,0.0,0.0,0.0,0.0,0.0,0.0,1.0,1.0,1.0,true
com.puppycrawl.tools.checkstyle.checks.sizes.methodlength.InputMethodLengthModifier:someMethod2,1,1,3.0,3.0,3.0,0.0,0.0,0.0,3.0,3.0,3.0,0.0,0.0,0.0,0.0,1.0,0.3333333333333333,0.0,true
com.puppycrawl.tools.checkstyle.checks.whitespace.whitespaceafter.InputWhitespaceAfterLiteralFor:condition,1,1,8.0,8.0,8.0,0.0,0.0,0.0,8.0,8.0,8.0,0.0,0.0,0.0,0.0,1.0,0.125,0.0,true
com.puppycrawl.tools.checkstyle.checks.regexp.RegexpCheck:setFormat,2,1,3.0,2.0,1.5,1.0,1.0,0.5,2.0,1.0,1.0,0.0,0.0,0.0,0.0,1.0,0.3333333333333333,0.5,true
com.puppycrawl.tools.checkstyle.checks.coding.equalshashcode.InputEqualsHashCodeSemantic:getBoolean,1,1,3.0,3.0,3.0,0.0,0.0,0.0,3.0,3.0,3.0,0.0,1.0,0.0,0.0,1.0,0.3333333333333333,0.0,true
com.puppycrawl.tools.checkstyle.ant.CheckstyleAntTaskTest:testFileSet,1,1,10.0,10.0,10.0,0.0,0.0,0.0,10.0,10.0,10.0,0.0,0.0,0.0,0.0,1.0,0.1,0.0,true
com.puppycrawl.tools.checkstyle.JavadocDetailNodeParser:getColumn,1,1,4.0,4.0,4.0,0.0,0.0,0.0,4.0,4.0,4.0,0.0,0.0,0.0,0.0,1.0,0.25,0.0,true
com.puppycrawl.tools.checkstyle.ant.CheckstyleAntTask:getFilesToCheck,1,1,49.0,49.0,49.0,4.0,4.0,4.0,45.0,45.0,45.0,0.0,1.0,0.0,0.0,1.0,0.02040816326530612,0.03773584905660377,true
com.puppycrawl.tools.checkstyle.checks.modifier.modifierorder.InputModifierOrderIt:doStuff,1,1,3.0,3.0,3.0,0.0,0.0,0.0,3.0,3.0,3.0,0.0,0.0,0.0,0.0,1.0,0.3333333333333333,0.0,true
com.puppycrawl.tools.checkstyle.checks.blocks.LeftCurlyCheckTest:testNlow,1,1,2.0,2.0,2.0,0.0,0.0,0.0,2.0,2.0,2.0,0.0,0.0,0.0,0.0,1.0,0.5,0.0,true
com.puppycrawl.tools.checkstyle.checks.metrics.AbstractClassCouplingCheck:visitClassDef,1,1,34.0,34.0,34.0,0.0,0.0,0.0,34.0,34.0,34.0,0.0,0.0,0.0,0.0,1.0,0.029411764705882353,0.0,true
com.puppycrawl.tools.checkstyle.checks.coding.requirethis.InputRequireThisAnonymousEmpty:fooEmpty,1,1,4.0,4.0,4.0,0.0,0.0,0.0,4.0,4.0,4.0,0.0,0.0,0.0,0.0,1.0,0.25,0.0,true
com.puppycrawl.tools.checkstyle.Checker:setupChild,1,1,4.0,4.0,4.0,0.0,0.0,0.0,4.0,4.0,4.0,0.0,0.0,0.0,0.0,1.0,0.25,0.0,true
com.puppycrawl.tools.checkstyle.checks.design.designforextension.InputDesignForExtensionMultipleAnnotations:foo2,1,1,3.0,3.0,3.0,0.0,0.0,0.0,3.0,3.0,3.0,0.0,0.0,0.0,0.0,1.0,0.3333333333333333,0.0,true
com.puppycrawl.tools.checkstyle.PackageObjectFactoryTest:testJoinPackageNamesWithClassName,3,3,21.0,10.0,7.0,0.0,0.0,0.0,21.0,10.0,7.0,0.0,0.0,0.0,0.0,0.3333333333333333,0.047619047619047616,0.0,true
com.puppycrawl.tools.checkstyle.checks.design.designforextension.InputDesignForExtensionMultipleAnnotations:foo1,1,1,3.0,3.0,3.0,0.0,0.0,0.0,3.0,3.0,3.0,0.0,0.0,0.0,0.0,1.0,0.3333333333333333,0.0,true
com.puppycrawl.tools.checkstyle.checks.design.designforextension.InputDesignForExtensionMultipleAnnotations:foo6,1,1,3.0,3.0,3.0,0.0,0.0,0.0,3.0,3.0,3.0,0.0,0.0,0.0,0.0,1.0,0.3333333333333333,0.0,true
com.puppycrawl.tools.checkstyle.checks.design.designforextension.InputDesignForExtensionMultipleAnnotations:foo5,1,1,3.0,3.0,3.0,0.0,0.0,0.0,3.0,3.0,3.0,0.0,0.0,0.0,0.0,1.0,0.3333333333333333,0.0,true
com.puppycrawl.tools.checkstyle.checks.design.designforextension.InputDesignForExtensionMultipleAnnotations:foo4,1,1,3.0,3.0,3.0,0.0,0.0,0.0,3.0,3.0,3.0,0.0,0.0,0.0,0.0,1.0,0.3333333333333333,0.0,true
com.puppycrawl.tools.checkstyle.checks.design.designforextension.InputDesignForExtensionMultipleAnnotations:foo3,1,1,3.0,3.0,3.0,0.0,0.0,0.0,3.0,3.0,3.0,0.0,0.0,0.0,0.0,1.0,0.3333333333333333,0.0,true
com.puppycrawl.tools.checkstyle.utils.ScopeUtilsTest:testIsOuterMostTypeInterface,1,1,12.0,12.0,12.0,0.0,0.0,0.0,12.0,12.0,12.0,0.0,0.0,0.0,0.0,1.0,0.08333333333333333,0.0,true
com.puppycrawl.tools.checkstyle.checks.coding.fallthrough.InputFallThrough:methodFallThru,1,1,9.0,9.0,9.0,0.0,0.0,0.0,9.0,9.0,9.0,0.0,0.0,0.0,0.0,1.0,0.1111111111111111,0.0,true
com.puppycrawl.tools.checkstyle.checks.design.designforextension.InputDesignForExtensionMultipleAnnotations:foo9,1,1,3.0,3.0,3.0,0.0,0.0,0.0,3.0,3.0,3.0,0.0,0.0,0.0,0.0,1.0,0.3333333333333333,0.0,true
com.puppycrawl.tools.checkstyle.checks.design.designforextension.InputDesignForExtensionMultipleAnnotations:foo8,1,1,3.0,3.0,3.0,0.0,0.0,0.0,3.0,3.0,3.0,0.0,0.0,0.0,0.0,1.0,0.3333333333333333,0.0,true
com.puppycrawl.tools.checkstyle.checks.imports.ImportControlCheckTest:testUrlNull,1,1,0.0,0.0,0.0,0.0,0.0,0.0,0.0,0.0,0.0,0.0,0.0,0.0,0.0,1.0,0.0,0.0,true
com.puppycrawl.tools.checkstyle.internal.CheckUtil:getTokenText,2,2,8.0,6.0,4.0,2.0,2.0,1.0,6.0,4.0,3.0,0.0,0.0,0.0,0.0,0.5,0.125,0.2,true
com.puppycrawl.tools.checkstyle.checks.design.designforextension.InputDesignForExtensionMultipleAnnotations:foo7,1,1,3.0,3.0,3.0,0.0,0.0,0.0,3.0,3.0,3.0,0.0,0.0,0.0,0.0,1.0,0.3333333333333333,0.0,true
com.puppycrawl.tools.checkstyle.checks.coding.requirethis.InputRequireThisStatic:test2,2,2,3.0,3.0,1.5,0.0,0.0,0.0,3.0,3.0,1.5,0.0,0.0,0.0,0.0,0.5,0.3333333333333333,0.0,true
com.puppycrawl.tools.checkstyle.checks.metrics.ClassFanOutComplexityCheckTest:testEmptyRegularExpression,1,1,7.0,7.0,7.0,0.0,0.0,0.0,7.0,7.0,7.0,0.0,0.0,0.0,0.0,1.0,0.14285714285714285,0.0,true
com.puppycrawl.tools.checkstyle.checks.indentation.indentation.InputIndentationValidLabelIndent:InputIndentationValidLabelIndent,1,1,11.0,11.0,11.0,0.0,0.0,0.0,11.0,11.0,11.0,0.0,1.0,0.0,0.0,1.0,0.09090909090909091,0.0,true
com.puppycrawl.tools.checkstyle.filters.SuppressionFilter:getExternalResourceLocations,1,1,1.0,1.0,1.0,0.0,0.0,0.0,1.0,1.0,1.0,0.0,0.0,0.0,0.0,1.0,1.0,0.0,true
com.puppycrawl.tools.checkstyle.checks.javadoc.AbstractTypeAwareCheckTest:testTokenToString,1,1,0.0,0.0,0.0,0.0,0.0,0.0,0.0,0.0,0.0,0.0,0.0,0.0,0.0,1.0,0.0,0.0,true
com.puppycrawl.tools.checkstyle.checks.indentation.ArrayInitHandler:getLeftCurly,1,1,1.0,1.0,1.0,0.0,0.0,0.0,1.0,1.0,1.0,0.0,0.0,0.0,0.0,1.0,1.0,0.0,true
com.puppycrawl.tools.checkstyle.checks.imports.ClassImportRuleTest:testClassImportRule,2,2,34.0,23.0,17.0,0.0,0.0,0.0,34.0,23.0,17.0,0.0,0.0,0.0,0.0,0.5,0.029411764705882353,0.0,true
com.puppycrawl.tools.checkstyle.checks.javadoc.AbstractJavadocCheckTest:visitJavadocToken,1,1,2.0,2.0,2.0,0.0,0.0,0.0,2.0,2.0,2.0,0.0,0.0,0.0,0.0,1.0,0.5,0.0,true
com.puppycrawl.tools.checkstyle.ant.CheckstyleAntTaskTest:testExecuteIgnoredModules,3,3,24.0,24.0,8.0,0.0,0.0,0.0,24.0,24.0,8.0,0.0,0.0,0.0,0.0,0.3333333333333333,0.08333333333333333,0.0,true
com.puppycrawl.tools.checkstyle.checks.AvoidEscapedUnicodeCharactersCheckTest:allowNonPrintableEscapes,1,1,0.0,0.0,0.0,0.0,0.0,0.0,0.0,0.0,0.0,0.0,0.0,0.0,0.0,1.0,0.0,0.0,true
com.puppycrawl.tools.checkstyle.checks.design.HideUtilityClassConstructorCheck:isAbstract,1,1,0.0,0.0,0.0,0.0,0.0,0.0,0.0,0.0,0.0,0.0,0.0,0.0,0.0,1.0,0.0,0.0,true
com.puppycrawl.tools.checkstyle.checks.indentation.IndentationCheckTest:testAnnotationClosingParenthesisEndsInSameIndentationAsOpening,2,2,10.0,9.0,5.0,0.0,0.0,0.0,10.0,9.0,5.0,0.0,0.0,0.0,0.0,0.5,0.1,0.0,true
com.puppycrawl.tools.checkstyle.api.AbstractViolationReporter:getMessageBundle,1,1,8.0,8.0,8.0,1.0,1.0,1.0,7.0,7.0,7.0,0.0,0.0,-1.0,-1.0,1.0,0.125,0.2222222222222222,true
com.puppycrawl.tools.checkstyle.checks.coding.FallThroughCheck:hasFallThroughComment,2,2,2.0,1.0,1.0,7.0,7.0,3.5,-5.0,-6.0,-2.5,0.0,0.0,0.0,0.0,0.5,1.0,0.3333333333333333,true
com.puppycrawl.tools.checkstyle.checks.annotation.annotationlocation.InputAnnotationLocationCustomAnnotationsDeclared:method,1,1,2.0,2.0,2.0,0.0,0.0,0.0,2.0,2.0,2.0,0.0,0.0,0.0,0.0,1.0,0.5,0.0,true
com.puppycrawl.tools.checkstyle.checks.SuppressWarningsHolderTest:testGetRequiredTokens,1,1,0.0,0.0,0.0,0.0,0.0,0.0,0.0,0.0,0.0,0.0,0.0,0.0,0.0,1.0,0.0,0.0,true
com.google.checkstyle.test.chapter4formatting.rule412nonemptyblocks.RightCurlyTest:testRightCurlySame,3,2,25.0,15.0,8.333333333333334,1.0,1.0,0.3333333333333333,24.0,14.0,8.0,0.0,0.0,0.0,0.0,0.6666666666666666,0.04,0.11538461538461539,true
com.puppycrawl.tools.checkstyle.internal.XdocUtil:getXdocsFilePaths,1,1,1.0,1.0,1.0,1.0,1.0,1.0,0.0,0.0,0.0,0.0,0.0,0.0,0.0,1.0,1.0,1.0,true
com.puppycrawl.tools.checkstyle.ant.CheckstyleAntTaskTest:testCreateListenerException,1,1,0.0,0.0,0.0,0.0,0.0,0.0,0.0,0.0,0.0,0.0,0.0,0.0,0.0,1.0,0.0,0.0,true
com.puppycrawl.tools.checkstyle.utils.CheckUtilsTest:testGetAccessModifierFromModifiersToken,1,1,21.0,21.0,21.0,0.0,0.0,0.0,21.0,21.0,21.0,0.0,0.0,0.0,0.0,1.0,0.047619047619047616,0.0,true
com.google.checkstyle.test.chapter4formatting.rule412nonemptyblocks.LeftCurlyTest:testLeftCurlyBraces,1,1,7.0,7.0,7.0,0.0,0.0,0.0,7.0,7.0,7.0,0.0,0.0,0.0,0.0,1.0,0.14285714285714285,0.0,true
com.puppycrawl.tools.checkstyle.doclets.TokenTypesDoclet:checkOptions,1,1,4.0,4.0,4.0,0.0,0.0,0.0,4.0,4.0,4.0,0.0,0.0,0.0,0.0,1.0,0.25,0.0,true
com.puppycrawl.tools.checkstyle.ant.CheckstyleAntTask:scanPath,1,1,49.0,49.0,49.0,4.0,4.0,4.0,45.0,45.0,45.0,0.0,1.0,0.0,0.0,1.0,0.02040816326530612,0.03773584905660377,true
com.puppycrawl.tools.checkstyle.checks.whitespace.NoLineWrapCheck:getDefaultTokens,1,1,0.0,0.0,0.0,0.0,0.0,0.0,0.0,0.0,0.0,0.0,0.0,0.0,0.0,1.0,0.0,0.0,true
com.puppycrawl.tools.checkstyle.checks.regexp.RegexpMultilineCheckTest:testNoStackOverflowError,2,1,5.0,5.0,2.5,0.0,0.0,0.0,5.0,5.0,2.5,0.0,0.0,0.0,0.0,1.0,0.2,0.0,true
com.puppycrawl.tools.checkstyle.TreeWalkerTest:testProcessWithParserThrowable,2,2,1.0,1.0,0.5,0.0,0.0,0.0,1.0,1.0,0.5,0.0,0.0,0.0,0.0,0.5,1.0,0.0,true
com.puppycrawl.tools.checkstyle.checks.imports.ImportControl:ImportControl,4,4,97.0,85.0,24.25,3.0,3.0,0.75,94.0,82.0,23.5,0.0,4.0,-4.0,-4.0,0.25,0.010309278350515464,0.04,true
com.google.checkstyle.test.base.BaseCheckTestSupport:createCheckerConfig,1,1,0.0,0.0,0.0,0.0,0.0,0.0,0.0,0.0,0.0,0.0,0.0,0.0,0.0,1.0,0.0,0.0,true
com.puppycrawl.tools.checkstyle.checks.javadoc.AbstractJavadocCheckTest:testAcceptableTokensPass,1,1,12.0,12.0,12.0,0.0,0.0,0.0,12.0,12.0,12.0,0.0,0.0,0.0,0.0,1.0,0.08333333333333333,0.0,true
com.puppycrawl.tools.checkstyle.checks.imports.PkgImportRuleTest:testPkgImportRuleRegexpSimple,2,2,43.0,34.0,21.5,0.0,0.0,0.0,43.0,34.0,21.5,0.0,0.0,0.0,0.0,0.5,0.023255813953488372,0.0,true
com.puppycrawl.tools.checkstyle.checks.imports.ImportControlCheck:setFile,4,4,2.0,1.0,0.5,5.0,5.0,1.25,-3.0,-4.0,-0.75,0.0,1.0,0.0,0.0,0.25,1.0,0.7142857142857143,true
com.puppycrawl.tools.checkstyle.checks.naming.AbbreviationAsWordInNameCheckTest:testTypeAndVariablesAndMethodNamesWithIgnoresFinal,2,2,18.0,10.0,9.0,0.0,0.0,0.0,18.0,10.0,9.0,0.0,0.0,0.0,0.0,0.5,0.05555555555555555,0.0,true
com.google.checkstyle.test.chapter4formatting.rule412nonemptyblocks.LeftCurlyTest:testLeftCurlyAnnotations,1,1,7.0,7.0,7.0,0.0,0.0,0.0,7.0,7.0,7.0,0.0,0.0,0.0,0.0,1.0,0.14285714285714285,0.0,true
com.puppycrawl.tools.checkstyle.checks.metrics.NPathComplexityCheckTest:testVisitTokenBeforeExpressionRange,2,2,18.0,15.0,9.0,0.0,0.0,0.0,18.0,15.0,9.0,0.0,0.0,0.0,0.0,0.5,0.05555555555555555,0.0,true
com.puppycrawl.tools.checkstyle.checks.whitespace.WhitespaceAroundCheck:isEmptyCatch,1,1,4.0,4.0,4.0,0.0,0.0,0.0,4.0,4.0,4.0,0.0,0.0,0.0,0.0,1.0,0.25,0.0,true
com.puppycrawl.tools.checkstyle.checks.coding.RequireThisCheckTest:testAllowLambdaParameters,1,1,7.0,7.0,7.0,0.0,0.0,0.0,7.0,7.0,7.0,0.0,0.0,0.0,0.0,1.0,0.14285714285714285,0.0,true
com.puppycrawl.tools.checkstyle.checks.annotation.MissingDeprecatedCheck:containsJavadocTag,1,1,22.0,22.0,22.0,23.0,23.0,23.0,-1.0,-1.0,-1.0,0.0,0.0,0.0,0.0,1.0,0.045454545454545456,0.044444444444444446,true
com.puppycrawl.tools.checkstyle.checks.javadoc.AbstractJavadocCheck:getRequiredJavadocTokens,1,1,7.0,7.0,7.0,0.0,0.0,0.0,7.0,7.0,7.0,0.0,0.0,0.0,0.0,1.0,0.14285714285714285,0.0,true
com.puppycrawl.tools.checkstyle.checks.whitespace.separatorwrap.InputSeparatorWrapForTestDot:goodCase,1,1,12.0,12.0,12.0,0.0,0.0,0.0,12.0,12.0,12.0,0.0,0.0,0.0,0.0,1.0,0.08333333333333333,0.0,true
com.puppycrawl.tools.checkstyle.checks.AbstractDeclarationCollector:findFrame,1,1,4.0,4.0,4.0,2.0,2.0,2.0,2.0,2.0,2.0,0.0,0.0,1.0,1.0,1.0,0.25,0.3333333333333333,true
com.puppycrawl.tools.checkstyle.checks.regexp.DetectorOptions:getPattern,1,1,8.0,8.0,8.0,8.0,8.0,8.0,0.0,0.0,0.0,0.0,0.0,0.0,0.0,1.0,0.125,0.125,true
com.puppycrawl.tools.checkstyle.filters.SuppressionsLoaderTest:isUrlReachable,1,1,3.0,3.0,3.0,0.0,0.0,0.0,3.0,3.0,3.0,0.0,0.0,0.0,0.0,1.0,0.3333333333333333,0.0,true
com.puppycrawl.tools.checkstyle.checks.whitespace.separatorwrap.InputSeparatorWrapForTestComma:foo,1,1,12.0,12.0,12.0,0.0,0.0,0.0,12.0,12.0,12.0,0.0,0.0,0.0,0.0,1.0,0.08333333333333333,0.0,true
com.puppycrawl.tools.checkstyle.api.FileContentsTest:testDeprecatedCtor,2,2,4.0,3.0,2.0,0.0,0.0,0.0,4.0,3.0,2.0,0.0,0.0,0.0,0.0,0.5,0.25,0.0,true
com.puppycrawl.tools.checkstyle.checks.indentation.IndentationCheckTest:getNonCompilablePath,1,1,1.0,1.0,1.0,0.0,0.0,0.0,1.0,1.0,1.0,0.0,0.0,0.0,0.0,1.0,1.0,0.0,true
com.puppycrawl.tools.checkstyle.ConfigurationLoaderTest:testIncorrectTag,1,1,1.0,1.0,1.0,1.0,1.0,1.0,0.0,0.0,0.0,0.0,0.0,0.0,0.0,1.0,1.0,1.0,false
com.puppycrawl.tools.checkstyle.PackageObjectFactoryTest:testCreateObjectFromFullModuleNamesWithException,1,1,12.0,12.0,12.0,0.0,0.0,0.0,12.0,12.0,12.0,0.0,0.0,0.0,0.0,1.0,0.08333333333333333,0.0,true
com.puppycrawl.tools.checkstyle.checks.AvoidEscapedUnicodeCharactersCheckTest:testAllowByTailComment,1,1,0.0,0.0,0.0,0.0,0.0,0.0,0.0,0.0,0.0,0.0,0.0,0.0,0.0,1.0,0.0,0.0,true
com.puppycrawl.tools.checkstyle.checks.regexp.RegexpSinglelineJavaCheckTest:testIgnoreCommentsBlockStyle,1,1,7.0,7.0,7.0,0.0,0.0,0.0,7.0,7.0,7.0,0.0,0.0,0.0,0.0,1.0,0.14285714285714285,0.0,true
com.puppycrawl.tools.checkstyle.checks.whitespace.separatorwrap.InputSeparatorWrapForInvalidOption:foo,1,1,12.0,12.0,12.0,0.0,0.0,0.0,12.0,12.0,12.0,0.0,0.0,0.0,0.0,1.0,0.08333333333333333,0.0,true
com.puppycrawl.tools.checkstyle.checks.imports.UnusedImportsCheckTest:getNonCompilablePath,1,1,1.0,1.0,1.0,0.0,0.0,0.0,1.0,1.0,1.0,0.0,0.0,0.0,0.0,1.0,1.0,0.0,true
com.puppycrawl.tools.checkstyle.PropertyCacheFile:load,1,1,5.0,5.0,5.0,0.0,0.0,0.0,5.0,5.0,5.0,0.0,0.0,0.0,0.0,1.0,0.2,0.0,true
com.puppycrawl.tools.checkstyle.checks.imports.ImportControl:toRegex,1,1,11.0,11.0,11.0,0.0,0.0,0.0,11.0,11.0,11.0,0.0,1.0,-1.0,-1.0,1.0,0.09090909090909091,0.0,true
com.puppycrawl.tools.checkstyle.filters.SuppressWithNearbyCommentFilterTest:testUsingVariableCheckOnPreviousLine,1,1,9.0,9.0,9.0,0.0,0.0,0.0,9.0,9.0,9.0,0.0,0.0,0.0,0.0,1.0,0.1111111111111111,0.0,true
com.puppycrawl.tools.checkstyle.checks.sizes.MethodCountCheckTest:testGetAcceptableTokens,2,2,1.0,1.0,0.5,0.0,0.0,0.0,1.0,1.0,0.5,0.0,0.0,0.0,0.0,0.5,1.0,0.0,true
com.puppycrawl.tools.checkstyle.checks.indentation.IndentationCheckTest:testAnonymousClassInMethod,1,1,1.0,1.0,1.0,0.0,0.0,0.0,1.0,1.0,1.0,0.0,0.0,0.0,0.0,1.0,1.0,0.0,true
com.puppycrawl.tools.checkstyle.TreeWalkerTest:testAcceptableTokens,1,1,1.0,1.0,1.0,0.0,0.0,0.0,1.0,1.0,1.0,0.0,0.0,0.0,0.0,1.0,1.0,0.0,true
com.puppycrawl.tools.checkstyle.AstTreeStringPrinterTest:testParseFile,2,2,1.0,1.0,0.5,1.0,1.0,0.5,0.0,0.0,0.0,0.0,0.0,0.0,0.0,0.5,1.0,1.0,true
com.puppycrawl.tools.checkstyle.checks.indentation.IndentationCheckTest:testValidCommaWithChecker,1,1,1.0,1.0,1.0,0.0,0.0,0.0,1.0,1.0,1.0,0.0,0.0,0.0,0.0,1.0,1.0,0.0,true
com.puppycrawl.tools.checkstyle.checks.blocks.LeftCurlyCheckTest:testCoverageIncrease,1,1,2.0,2.0,2.0,0.0,0.0,0.0,2.0,2.0,2.0,0.0,0.0,0.0,0.0,1.0,0.5,0.0,true
com.google.checkstyle.test.chapter2filebasic.rule232specialescape.IllegalTokenTextTest:testIllegalTokens,3,2,8.0,8.0,2.6666666666666665,0.0,0.0,0.0,8.0,8.0,2.6666666666666665,0.0,0.0,0.0,0.0,0.6666666666666666,0.25,0.0,true
com.puppycrawl.tools.checkstyle.checks.blocks.RightCurlyCheckTest:testDefault,1,1,6.0,6.0,6.0,0.0,0.0,0.0,6.0,6.0,6.0,0.0,0.0,0.0,0.0,1.0,0.16666666666666666,0.0,true
com.puppycrawl.tools.checkstyle.checks.design.designforextension.InputDesignForExtensionIgnoredAnnotations:hashCode,1,1,3.0,3.0,3.0,0.0,0.0,0.0,3.0,3.0,3.0,0.0,0.0,0.0,0.0,1.0,0.3333333333333333,0.0,true
com.puppycrawl.tools.checkstyle.utils.JavadocUtils:lookForInlineTags,1,1,1.0,1.0,1.0,1.0,1.0,1.0,0.0,0.0,0.0,0.0,0.0,0.0,0.0,1.0,1.0,1.0,true
com.puppycrawl.tools.checkstyle.checks.imports.ImportControlCheckTest:testResourceUnableToLoad,4,4,22.0,9.0,5.5,0.0,0.0,0.0,22.0,9.0,5.5,0.0,0.0,0.0,0.0,0.25,0.045454545454545456,0.0,true
com.puppycrawl.tools.checkstyle.api.DetailASTTest:checkTree,2,2,44.0,31.0,22.0,31.0,27.0,15.5,13.0,4.0,6.5,0.0,0.0,0.0,0.0,0.5,0.022727272727272728,0.02666666666666667,true
com.puppycrawl.tools.checkstyle.utils.CommonUtilsTest:testIsIdentifierInvalidFirstSymbol,1,1,3.0,3.0,3.0,0.0,0.0,0.0,3.0,3.0,3.0,0.0,0.0,0.0,0.0,1.0,0.3333333333333333,0.0,true
com.puppycrawl.tools.checkstyle.checks.annotation.AnnotationUseStyleCheckTest:getPath,1,1,6.0,6.0,6.0,0.0,0.0,0.0,6.0,6.0,6.0,0.0,0.0,0.0,0.0,1.0,0.16666666666666666,0.0,true
com.puppycrawl.tools.checkstyle.checks.naming.ParameterNameCheck:setAccessModifiers,1,1,4.0,4.0,4.0,0.0,0.0,0.0,4.0,4.0,4.0,0.0,0.0,0.0,0.0,1.0,0.25,0.0,true
com.puppycrawl.tools.checkstyle.utils.ScopeUtilsTest:getNodeWithParentScope,1,1,12.0,12.0,12.0,0.0,0.0,0.0,12.0,12.0,12.0,0.0,0.0,0.0,0.0,1.0,0.08333333333333333,0.0,true
com.puppycrawl.tools.checkstyle.utils.CommonUtils:invokeConstructor,1,1,0.0,0.0,0.0,0.0,0.0,0.0,0.0,0.0,0.0,0.0,0.0,0.0,0.0,1.0,0.0,0.0,true
com.puppycrawl.tools.checkstyle.api.InputClearDetailAstLazyLoadCache:foo,2,2,4.0,4.0,2.0,0.0,0.0,0.0,4.0,4.0,2.0,0.0,0.0,0.0,0.0,0.5,0.25,0.0,true
com.puppycrawl.tools.checkstyle.checks.javadoc.InputIncorrectSummaryJavaDoc:foo10,1,1,3.0,3.0,3.0,0.0,0.0,0.0,3.0,3.0,3.0,0.0,0.0,0.0,0.0,1.0,0.3333333333333333,0.0,true
com.puppycrawl.tools.checkstyle.checks.coding.ReturnCountCheck:visitMethodDef,1,1,1.0,1.0,1.0,0.0,0.0,0.0,1.0,1.0,1.0,0.0,0.0,0.0,0.0,1.0,1.0,0.0,true
com.puppycrawl.tools.checkstyle.checks.imports.ImportControlCheckTest:testUrlInFileProperty,2,2,11.0,6.0,5.5,0.0,0.0,0.0,11.0,6.0,5.5,0.0,0.0,0.0,0.0,0.5,0.09090909090909091,0.0,true
com.puppycrawl.tools.checkstyle.api.AbstractViolationReporterTest:testCustomMessage,1,1,1.0,1.0,1.0,0.0,0.0,0.0,1.0,1.0,1.0,0.0,0.0,0.0,0.0,1.0,1.0,0.0,true
com.puppycrawl.tools.checkstyle.PackageObjectFactoryTest:testCtorNullPackageException1,1,1,10.0,10.0,10.0,0.0,0.0,0.0,10.0,10.0,10.0,0.0,0.0,0.0,0.0,1.0,0.1,0.0,true
com.puppycrawl.tools.checkstyle.PackageObjectFactoryTest:testCtorNullPackageException2,1,1,10.0,10.0,10.0,0.0,0.0,0.0,10.0,10.0,10.0,0.0,0.0,0.0,0.0,1.0,0.1,0.0,true
com.puppycrawl.tools.checkstyle.api.DetailAST:setParent,2,2,23.0,13.0,11.5,0.0,0.0,0.0,23.0,13.0,11.5,0.0,0.0,0.0,0.0,0.5,0.043478260869565216,0.0,true
com.puppycrawl.tools.checkstyle.checks.metrics.AbstractClassCouplingCheck:setExcludeClassesRegexps,2,2,5.0,5.0,2.5,0.0,0.0,0.0,5.0,5.0,2.5,0.0,0.0,0.0,0.0,0.5,0.2,0.0,true
com.puppycrawl.tools.checkstyle.main.InputComplexityOverflow:provokeNpathIntegerOverflow,1,1,162.0,162.0,162.0,0.0,0.0,0.0,162.0,162.0,162.0,0.0,80.0,0.0,0.0,1.0,0.006172839506172839,0.0,true
com.puppycrawl.tools.checkstyle.checks.blocks.RightCurlyCheckTest:testAloneOrSingleLine,1,1,0.0,0.0,0.0,0.0,0.0,0.0,0.0,0.0,0.0,0.0,0.0,0.0,0.0,1.0,0.0,0.0,true
com.puppycrawl.tools.checkstyle.internal.CommitValidationTest:testCommitMessage,1,1,1.0,1.0,1.0,0.0,0.0,0.0,1.0,1.0,1.0,0.0,0.0,0.0,0.0,1.0,1.0,0.0,true
com.puppycrawl.tools.checkstyle.utils.CheckUtils:getTypeParameters,1,1,1.0,1.0,1.0,0.0,0.0,0.0,1.0,1.0,1.0,0.0,0.0,0.0,0.0,1.0,1.0,0.0,true
com.puppycrawl.tools.checkstyle.checks.metrics.NPathComplexityCheck:visitConditional,1,1,66.0,66.0,66.0,8.0,8.0,8.0,58.0,58.0,58.0,0.0,0.0,0.0,0.0,1.0,0.015151515151515152,0.02702702702702703,true
com.puppycrawl.tools.checkstyle.filters.SuppressionsLoaderTest:testNoCheck,1,1,1.0,1.0,1.0,0.0,0.0,0.0,1.0,1.0,1.0,0.0,0.0,0.0,0.0,1.0,1.0,0.0,true
com.puppycrawl.tools.checkstyle.checks.regexp.RegexpCheckTest:testGetRequiredTokens,1,1,0.0,0.0,0.0,0.0,0.0,0.0,0.0,0.0,0.0,0.0,0.0,0.0,0.0,1.0,0.0,0.0,true
com.puppycrawl.tools.checkstyle.checks.coding.FinalLocalVariableCheck:isSameVariables,1,1,8.0,8.0,8.0,0.0,0.0,0.0,8.0,8.0,8.0,0.0,1.0,0.0,0.0,1.0,0.125,0.0,true
com.puppycrawl.tools.checkstyle.utils.CommonUtils:createPattern,1,1,0.0,0.0,0.0,0.0,0.0,0.0,0.0,0.0,0.0,0.0,0.0,0.0,0.0,1.0,0.0,0.0,true
com.puppycrawl.tools.checkstyle.checks.coding.IllegalTypeCheckTest:testMemberModifiers,1,1,0.0,0.0,0.0,0.0,0.0,0.0,0.0,0.0,0.0,0.0,0.0,0.0,0.0,1.0,0.0,0.0,true
com.puppycrawl.tools.checkstyle.gui.ParseTreeTablePresentationTest:testGetValueAt,2,2,25.0,13.0,12.5,0.0,0.0,0.0,25.0,13.0,12.5,0.0,0.0,0.0,0.0,0.5,0.04,0.0,true
com.puppycrawl.tools.checkstyle.filters.SuppressWithNearbyCommentFilter:getFileContents,1,1,0.0,0.0,0.0,0.0,0.0,0.0,0.0,0.0,0.0,0.0,0.0,0.0,0.0,1.0,0.0,0.0,true
com.puppycrawl.tools.checkstyle.checks.imports.PkgImportRuleTest:testPkgImportRuleExactMatchRegexpSimple,2,2,43.0,34.0,21.5,0.0,0.0,0.0,43.0,34.0,21.5,0.0,0.0,0.0,0.0,0.5,0.023255813953488372,0.0,true
com.puppycrawl.tools.checkstyle.checks.indentation.MethodCallHandler:areMethodsChained,2,2,6.0,5.0,3.0,0.0,0.0,0.0,6.0,5.0,3.0,0.0,0.0,0.0,0.0,0.5,0.16666666666666666,0.0,true
com.puppycrawl.tools.checkstyle.ant.CheckstyleAntTaskTest:testNonExistingConfig,3,3,17.0,10.0,5.666666666666667,9.0,9.0,3.0,8.0,1.0,2.666666666666667,0.0,0.0,0.0,0.0,0.3333333333333333,0.058823529411764705,0.11538461538461539,true
com.puppycrawl.tools.checkstyle.checks.indentation.indentation.InputIndentationValidArrayInitDefaultIndent:InputIndentationValidArrayInitDefaultIndent,1,1,6.0,6.0,6.0,0.0,0.0,0.0,6.0,6.0,6.0,0.0,0.0,0.0,0.0,1.0,0.16666666666666666,0.0,true
com.puppycrawl.tools.checkstyle.checks.TranslationCheckTest:testBaseNameWithSeparatorDefaultTranslationIsMissing,1,1,0.0,0.0,0.0,0.0,0.0,0.0,0.0,0.0,0.0,0.0,0.0,0.0,0.0,1.0,0.0,0.0,true
com.puppycrawl.tools.checkstyle.grammars.javadoc.ParseTreeBuilder:treeLeadingAsterisksExtended,1,1,490.0,490.0,490.0,0.0,0.0,0.0,490.0,490.0,490.0,0.0,0.0,0.0,0.0,1.0,0.0020408163265306124,0.0,false
com.puppycrawl.tools.checkstyle.checks.indentation.ObjectBlockHandler:curlyIndent,1,1,5.0,5.0,5.0,0.0,0.0,0.0,5.0,5.0,5.0,0.0,0.0,0.0,0.0,1.0,0.2,0.0,true
com.puppycrawl.tools.checkstyle.BaseCheckTestSupport:getSrcPath,2,2,1.0,1.0,0.5,0.0,0.0,0.0,1.0,1.0,0.5,0.0,0.0,0.0,0.0,0.5,1.0,0.0,true
com.puppycrawl.tools.checkstyle.Main:getFilesToProcess,2,2,82.0,81.0,41.0,3.0,3.0,1.5,79.0,78.0,39.5,0.0,1.0,0.0,0.0,0.5,0.012195121951219513,0.023529411764705882,true
com.puppycrawl.tools.checkstyle.api.FileContents:extractBlockComment,1,1,4.0,4.0,4.0,0.0,0.0,0.0,4.0,4.0,4.0,0.0,0.0,0.0,0.0,1.0,0.25,0.0,true
com.puppycrawl.tools.checkstyle.checks.imports.ImportControlLoaderTest:testInputStreamThatFailsOnClose,1,1,15.0,15.0,15.0,0.0,0.0,0.0,15.0,15.0,15.0,0.0,0.0,0.0,0.0,1.0,0.06666666666666667,0.0,true
com.puppycrawl.tools.checkstyle.checks.imports.ImportControlCheckTest:getPath,1,1,5.0,5.0,5.0,0.0,0.0,0.0,5.0,5.0,5.0,0.0,0.0,0.0,0.0,1.0,0.2,0.0,true
com.puppycrawl.tools.checkstyle.TestBeforeExecutionFileFilter:accept,1,1,4.0,4.0,4.0,0.0,0.0,0.0,4.0,4.0,4.0,0.0,0.0,0.0,0.0,1.0,0.25,0.0,true
com.puppycrawl.tools.checkstyle.packageobjectfactory.bar.FooCheck:getDefaultTokens,1,1,3.0,3.0,3.0,0.0,0.0,0.0,3.0,3.0,3.0,0.0,0.0,0.0,0.0,1.0,0.3333333333333333,0.0,true
com.puppycrawl.tools.checkstyle.checks.coding.FinalLocalVariableCheck:updateAllUninitializedVariables,1,1,8.0,8.0,8.0,0.0,0.0,0.0,8.0,8.0,8.0,0.0,1.0,0.0,0.0,1.0,0.125,0.0,true
com.puppycrawl.tools.checkstyle.checks.design.ThrowsCountCheckTest:testWrongTokenType,1,1,0.0,0.0,0.0,0.0,0.0,0.0,0.0,0.0,0.0,0.0,0.0,0.0,0.0,1.0,0.0,0.0,true
com.puppycrawl.tools.checkstyle.api.FileContents:getSingleLineComments,1,1,4.0,4.0,4.0,0.0,0.0,0.0,4.0,4.0,4.0,0.0,0.0,0.0,0.0,1.0,0.25,0.0,true
com.puppycrawl.tools.checkstyle.ant.CheckstyleAntTaskTest:testDefaultLoggerListenerWithToFile,1,1,0.0,0.0,0.0,0.0,0.0,0.0,0.0,0.0,0.0,0.0,0.0,0.0,0.0,1.0,0.0,0.0,true
com.puppycrawl.tools.checkstyle.checks.TranslationCheck:groupFilesIntoBundles,2,1,2.0,1.0,1.0,0.0,0.0,0.0,2.0,1.0,1.0,0.0,0.0,0.0,0.0,1.0,1.0,0.0,true
com.puppycrawl.tools.checkstyle.MainTest:testExcludeRegexpOption,2,2,34.0,26.0,17.0,90.0,90.0,45.0,-56.0,-64.0,-28.0,0.0,0.0,0.0,0.0,0.5,0.029411764705882353,0.016129032258064516,true
com.puppycrawl.tools.checkstyle.checks.blocks.RightCurlyCheckTest:testRightCurlyOptionValueOf,1,1,1.0,1.0,1.0,0.0,0.0,0.0,1.0,1.0,1.0,0.0,0.0,0.0,0.0,1.0,1.0,0.0,true
com.puppycrawl.tools.checkstyle.checks.indentation.IndentationCheckTest:testAnnotations,1,1,1.0,1.0,1.0,0.0,0.0,0.0,1.0,1.0,1.0,0.0,0.0,0.0,0.0,1.0,1.0,0.0,true
com.puppycrawl.tools.checkstyle.CheckerTest:testWithCacheWithNoViolation,3,3,28.0,28.0,9.333333333333334,50.0,50.0,16.666666666666668,-22.0,-22.0,-7.333333333333334,0.0,0.0,0.0,0.0,0.3333333333333333,0.07142857142857142,0.05128205128205128,true
com.puppycrawl.tools.checkstyle.checks.coding.finallocalvariable.InputFinalLocalVariableMultipleAndNestedConditions:getCondition,1,1,3.0,3.0,3.0,0.0,0.0,0.0,3.0,3.0,3.0,0.0,0.0,0.0,0.0,1.0,0.3333333333333333,0.0,true
com.puppycrawl.tools.checkstyle.ant.CheckstyleAntTask:execute,2,2,50.0,49.0,25.0,19.0,15.0,9.5,31.0,34.0,15.5,0.0,1.0,0.0,0.0,0.5,0.02,0.028985507246376812,true
com.puppycrawl.tools.checkstyle.checks.modifier.RedundantModifierCheck:getAcceptableTokens,1,1,13.0,13.0,13.0,0.0,0.0,0.0,13.0,13.0,13.0,0.0,1.0,0.0,0.0,1.0,0.07692307692307693,0.0,true
com.puppycrawl.tools.checkstyle.checks.coding.ExplicitInitializationCheck:isZero,1,1,0.0,0.0,0.0,0.0,0.0,0.0,0.0,0.0,0.0,0.0,0.0,0.0,0.0,1.0,0.0,0.0,true
com.puppycrawl.tools.checkstyle.api.DetailAST:addNextSibling,2,2,23.0,13.0,11.5,0.0,0.0,0.0,23.0,13.0,11.5,0.0,0.0,0.0,0.0,0.5,0.043478260869565216,0.0,true
com.puppycrawl.tools.checkstyle.Checker:removeBeforeExecutionFileFilter,1,1,4.0,4.0,4.0,0.0,0.0,0.0,4.0,4.0,4.0,0.0,0.0,0.0,0.0,1.0,0.25,0.0,true
com.puppycrawl.tools.checkstyle.checks.design.VisibilityModifierCheck:areImmutableTypeArguments,3,3,0.0,0.0,0.0,1.0,1.0,0.3333333333333333,-1.0,-1.0,-0.3333333333333333,0.0,0.0,0.0,0.0,0.3333333333333333,0.0,0.0,true
com.puppycrawl.tools.checkstyle.checks.imports.ImportControlCheckTest:testUrlInFilePropertyUnableToLoad,4,4,22.0,9.0,5.5,0.0,0.0,0.0,22.0,9.0,5.5,0.0,0.0,0.0,0.0,0.25,0.045454545454545456,0.0,true
com.puppycrawl.tools.checkstyle.checks.TranslationCheck:TranslationCheck,1,1,1.0,1.0,1.0,0.0,0.0,0.0,1.0,1.0,1.0,0.0,0.0,0.0,0.0,1.0,1.0,0.0,true
com.puppycrawl.tools.checkstyle.checks.imports.ImportControlCheckTest:testStrategyOnMismatchFour,2,2,11.0,6.0,5.5,0.0,0.0,0.0,11.0,6.0,5.5,0.0,0.0,0.0,0.0,0.5,0.09090909090909091,0.0,true
com.puppycrawl.tools.checkstyle.checks.sizes.MethodCountCheck:leaveToken,1,1,1.0,1.0,1.0,0.0,0.0,0.0,1.0,1.0,1.0,0.0,0.0,0.0,0.0,1.0,1.0,0.0,true
com.puppycrawl.tools.checkstyle.filters.BeforeExecutionFileFilterSetTest:testReject,2,1,10.0,8.0,5.0,0.0,0.0,0.0,10.0,8.0,5.0,0.0,0.0,0.0,0.0,1.0,0.1,0.0,true
com.google.checkstyle.test.chapter4formatting.rule488numericliterals.UpperEllTest:testUpperEll,1,1,7.0,7.0,7.0,0.0,0.0,0.0,7.0,7.0,7.0,0.0,0.0,0.0,0.0,1.0,0.14285714285714285,0.0,true
com.puppycrawl.tools.checkstyle.checks.coding.RequireThisCheckTest:testAllowLocalVars,2,2,3.0,3.0,1.5,0.0,0.0,0.0,3.0,3.0,1.5,0.0,0.0,0.0,0.0,0.5,0.3333333333333333,0.0,true
com.puppycrawl.tools.checkstyle.checks.annotation.annotationlocation.InputAnnotationLocationIncorrect:InputAnnotationLocationIncorrect,1,1,2.0,2.0,2.0,0.0,0.0,0.0,2.0,2.0,2.0,0.0,0.0,0.0,0.0,1.0,0.5,0.0,true
com.puppycrawl.tools.checkstyle.checks.indentation.IndentationCheckTest:testValidWhileWithChecker,1,1,1.0,1.0,1.0,0.0,0.0,0.0,1.0,1.0,1.0,0.0,0.0,0.0,0.0,1.0,1.0,0.0,true
com.puppycrawl.tools.checkstyle.checks.UncommentedMainCheck:checkClassName,1,1,1.0,1.0,1.0,0.0,0.0,0.0,1.0,1.0,1.0,0.0,0.0,0.0,0.0,1.0,1.0,0.0,true
com.puppycrawl.tools.checkstyle.checks.coding.requirethis.InputRequireThisStatic:get,1,1,3.0,3.0,3.0,0.0,0.0,0.0,3.0,3.0,3.0,0.0,0.0,0.0,0.0,1.0,0.3333333333333333,0.0,true
com.puppycrawl.tools.checkstyle.checks.header.RegexpHeaderCheckTest:testRegexpHeader,1,1,9.0,9.0,9.0,0.0,0.0,0.0,9.0,9.0,9.0,0.0,0.0,0.0,0.0,1.0,0.1111111111111111,0.0,true
com.puppycrawl.tools.checkstyle.api.FileTextTest:testLineColumnBeforeCopyConstructor,1,1,1.0,1.0,1.0,0.0,0.0,0.0,1.0,1.0,1.0,0.0,0.0,0.0,0.0,1.0,1.0,0.0,true
com.puppycrawl.tools.checkstyle.internal.CommitValidationTest:getRulesForCommitMessageFormatting,1,1,0.0,0.0,0.0,0.0,0.0,0.0,0.0,0.0,0.0,0.0,0.0,0.0,0.0,1.0,0.0,0.0,true
com.puppycrawl.tools.checkstyle.checks.imports.ImportControlCheckTest:testCacheWhenFileExternalResourceContentDoesNotChange,1,1,5.0,5.0,5.0,0.0,0.0,0.0,5.0,5.0,5.0,0.0,0.0,0.0,0.0,1.0,0.2,0.0,true
com.puppycrawl.tools.checkstyle.checks.coding.finallocalvariable.InputFinalLocalVariableMultipleAndNestedConditions:method,1,1,3.0,3.0,3.0,0.0,0.0,0.0,3.0,3.0,3.0,0.0,0.0,0.0,0.0,1.0,0.3333333333333333,0.0,true
com.puppycrawl.tools.checkstyle.utils.CommonUtilsTest:testIsNameInvalidFirstSymbol,1,1,3.0,3.0,3.0,0.0,0.0,0.0,3.0,3.0,3.0,0.0,0.0,0.0,0.0,1.0,0.3333333333333333,0.0,true
com.puppycrawl.tools.checkstyle.utils.CommonUtils:relativizeAndNormalizePath,1,1,7.0,7.0,7.0,1.0,1.0,1.0,6.0,6.0,6.0,0.0,0.0,0.0,0.0,1.0,0.14285714285714285,0.25,true
com.puppycrawl.tools.checkstyle.checks.design.OneTopLevelClassCheckTest:testGetRequiredTokens,1,1,0.0,0.0,0.0,0.0,0.0,0.0,0.0,0.0,0.0,0.0,0.0,0.0,0.0,1.0,0.0,0.0,true
com.puppycrawl.tools.checkstyle.checks.whitespace.whitespaceafter.InputWhitespaceAfterLiteralWhile:testIfElse,1,1,8.0,8.0,8.0,0.0,0.0,0.0,8.0,8.0,8.0,0.0,0.0,0.0,0.0,1.0,0.125,0.0,true
com.google.checkstyle.test.chapter4formatting.rule451wheretobreak.InputSeparatorWrapComma:goodCase,1,1,7.0,7.0,7.0,0.0,0.0,0.0,7.0,7.0,7.0,0.0,0.0,0.0,0.0,1.0,0.14285714285714285,0.0,true
com.puppycrawl.tools.checkstyle.checks.imports.ImportControlCheckTest:testCacheWhenUrlExternalResourceContentDoesNotChange,1,1,5.0,5.0,5.0,0.0,0.0,0.0,5.0,5.0,5.0,0.0,0.0,0.0,0.0,1.0,0.2,0.0,true
com.google.checkstyle.test.chapter4formatting.rule4841indentation.IndentationTest:testCorrectField,1,1,7.0,7.0,7.0,0.0,0.0,0.0,7.0,7.0,7.0,0.0,0.0,0.0,0.0,1.0,0.14285714285714285,0.0,true
com.puppycrawl.tools.checkstyle.checks.indentation.AbstractExpressionHandler:checkRightParen,1,1,6.0,6.0,6.0,0.0,0.0,0.0,6.0,6.0,6.0,0.0,1.0,0.0,0.0,1.0,0.16666666666666666,0.0,true
com.puppycrawl.tools.checkstyle.gui.MainFrameModel:openFile,1,1,3.0,3.0,3.0,0.0,0.0,0.0,3.0,3.0,3.0,0.0,0.0,0.0,0.0,1.0,0.3333333333333333,0.0,true
com.puppycrawl.tools.checkstyle.checks.coding.DefaultComesLastCheck:setSkipIfLastAndSharedWithCase,1,1,47.0,47.0,47.0,0.0,0.0,0.0,47.0,47.0,47.0,0.0,3.0,-2.0,-2.0,1.0,0.02127659574468085,0.0,true
com.puppycrawl.tools.checkstyle.checks.coding.fallthrough.InputFallThrough:nestedSwitches,1,1,9.0,9.0,9.0,0.0,0.0,0.0,9.0,9.0,9.0,0.0,0.0,0.0,0.0,1.0,0.1111111111111111,0.0,true
com.puppycrawl.tools.checkstyle.checks.javadoc.AtclauseOrderCheckTest:testGetAcceptableTokens,1,1,0.0,0.0,0.0,0.0,0.0,0.0,0.0,0.0,0.0,0.0,0.0,0.0,0.0,1.0,0.0,0.0,true
com.google.checkstyle.test.chapter4formatting.rule451wheretobreak.MethodParamPadTest:testOperatorWrap,1,1,10.0,10.0,10.0,0.0,0.0,0.0,10.0,10.0,10.0,0.0,0.0,0.0,0.0,1.0,0.1,0.0,true
com.puppycrawl.tools.checkstyle.utils.ScopeUtilsTest:testIsOuterMostTypeEnum,1,1,12.0,12.0,12.0,0.0,0.0,0.0,12.0,12.0,12.0,0.0,0.0,0.0,0.0,1.0,0.08333333333333333,0.0,true
com.puppycrawl.tools.checkstyle.checks.sizes.MethodCountCheckTest:getPath,1,1,0.0,0.0,0.0,0.0,0.0,0.0,0.0,0.0,0.0,0.0,0.0,0.0,0.0,1.0,0.0,0.0,true
com.puppycrawl.tools.checkstyle.MainTest:testNonExistingClass,1,1,26.0,26.0,26.0,90.0,90.0,90.0,-64.0,-64.0,-64.0,0.0,0.0,0.0,0.0,1.0,0.038461538461538464,0.017241379310344827,true
com.puppycrawl.tools.checkstyle.checks.indentation.IndentationCheckTest:testPackageDeclaration3,1,1,1.0,1.0,1.0,0.0,0.0,0.0,1.0,1.0,1.0,0.0,0.0,0.0,0.0,1.0,1.0,0.0,true
com.puppycrawl.tools.checkstyle.checks.coding.requirethis.InputRequireThisAnonymousEmpty:doSideEffect,1,1,4.0,4.0,4.0,0.0,0.0,0.0,4.0,4.0,4.0,0.0,0.0,0.0,0.0,1.0,0.25,0.0,true
com.puppycrawl.tools.checkstyle.checks.coding.requirethis.InputRequireThisStatic:test,1,1,3.0,3.0,3.0,0.0,0.0,0.0,3.0,3.0,3.0,0.0,0.0,0.0,0.0,1.0,0.3333333333333333,0.0,true
com.puppycrawl.tools.checkstyle.checks.annotation.MissingOverrideCheckTest:testGoodOverrideFromObjectJ5Compatible,1,1,2.0,2.0,2.0,0.0,0.0,0.0,2.0,2.0,2.0,0.0,0.0,0.0,0.0,1.0,0.5,0.0,true
com.puppycrawl.tools.checkstyle.checks.imports.ImportControlTest:testLocateFinest,1,1,1.0,1.0,1.0,0.0,0.0,0.0,1.0,1.0,1.0,0.0,0.0,0.0,0.0,1.0,1.0,0.0,true
com.puppycrawl.tools.checkstyle.checks.indentation.IndentationCheckTest:testPackageDeclaration2,1,1,1.0,1.0,1.0,0.0,0.0,0.0,1.0,1.0,1.0,0.0,0.0,0.0,0.0,1.0,1.0,0.0,true
com.puppycrawl.tools.checkstyle.checks.blocks.RightCurlyCheckTest:testRightCurlyIsAloneInLambda,1,1,6.0,6.0,6.0,0.0,0.0,0.0,6.0,6.0,6.0,0.0,0.0,0.0,0.0,1.0,0.16666666666666666,0.0,true
com.google.checkstyle.test.chapter3filestructure.rule333orderingandspacing.CustomImportOrderTest:testValidGoogleStyleOrderOfImports,2,2,11.0,7.0,5.5,0.0,0.0,0.0,11.0,7.0,5.5,0.0,0.0,0.0,0.0,0.5,0.09090909090909091,0.0,true
com.puppycrawl.tools.checkstyle.checks.metrics.NPathComplexityCheck:visitUnitaryOperator,1,1,66.0,66.0,66.0,8.0,8.0,8.0,58.0,58.0,58.0,0.0,0.0,0.0,0.0,1.0,0.015151515151515152,0.02702702702702703,true
com.puppycrawl.tools.checkstyle.PackageObjectFactory:fillChecksFromBlocksPackage,1,1,5.0,5.0,5.0,0.0,0.0,0.0,5.0,5.0,5.0,0.0,0.0,0.0,0.0,1.0,0.2,0.0,true
com.puppycrawl.tools.checkstyle.checks.blocks.RightCurlyCheckTest:testRightCurlyIsSameLambda,1,1,6.0,6.0,6.0,0.0,0.0,0.0,6.0,6.0,6.0,0.0,0.0,0.0,0.0,1.0,0.16666666666666666,0.0,true
com.google.checkstyle.test.chapter4formatting.rule4841indentation.IndentationTest:testCorrectFor,1,1,7.0,7.0,7.0,0.0,0.0,0.0,7.0,7.0,7.0,0.0,0.0,0.0,0.0,1.0,0.14285714285714285,0.0,true
com.puppycrawl.tools.checkstyle.checks.metrics.InputNPathComplexity:testSwitchWithExpression,1,1,12.0,12.0,12.0,0.0,0.0,0.0,12.0,12.0,12.0,0.0,0.0,0.0,0.0,1.0,0.08333333333333333,0.0,true
com.puppycrawl.tools.checkstyle.checks.imports.ImportControlCheckTest:getUriString,1,1,5.0,5.0,5.0,0.0,0.0,0.0,5.0,5.0,5.0,0.0,0.0,0.0,0.0,1.0,0.2,0.0,true
com.puppycrawl.tools.checkstyle.checks.indentation.indentation.InputIndentationInvalidMethodIndent:myMethod,1,1,0.0,0.0,0.0,0.0,0.0,0.0,0.0,0.0,0.0,0.0,0.0,0.0,0.0,1.0,0.0,0.0,true
com.puppycrawl.tools.checkstyle.checks.blocks.RightCurlyCheckTest:testSame,1,1,6.0,6.0,6.0,0.0,0.0,0.0,6.0,6.0,6.0,0.0,0.0,0.0,0.0,1.0,0.16666666666666666,0.0,true
com.puppycrawl.tools.checkstyle.api.FileContents:getBlockComments,1,1,4.0,4.0,4.0,0.0,0.0,0.0,4.0,4.0,4.0,0.0,0.0,0.0,0.0,1.0,0.25,0.0,true
com.puppycrawl.tools.checkstyle.AstTreeStringPrinterTest:testJavadocPosition,1,1,1.0,1.0,1.0,1.0,1.0,1.0,0.0,0.0,0.0,0.0,0.0,0.0,0.0,1.0,1.0,1.0,true
com.puppycrawl.tools.checkstyle.checks.coding.RequireThisCheckTest:testValidateOnlyOverlappingTrue,2,2,6.0,6.0,3.0,0.0,0.0,0.0,6.0,6.0,3.0,0.0,0.0,0.0,0.0,0.5,0.16666666666666666,0.0,true
com.puppycrawl.tools.checkstyle.checks.javadoc.TagParser:parseTags,1,1,1.0,1.0,1.0,2.0,2.0,2.0,-1.0,-1.0,-1.0,0.0,0.0,0.0,0.0,1.0,1.0,0.6666666666666666,true
com.puppycrawl.tools.checkstyle.utils.JavadocUtilsTest:testGetTokenNameForLargeId,1,1,29.0,29.0,29.0,1.0,1.0,1.0,28.0,28.0,28.0,0.0,0.0,0.0,0.0,1.0,0.034482758620689655,0.06666666666666667,true
com.puppycrawl.tools.checkstyle.PackageObjectFactory:joinPackageNamesWithClassName,3,3,17.0,11.0,5.666666666666667,2.0,2.0,0.6666666666666666,15.0,9.0,5.0,0.0,0.0,0.0,0.0,0.3333333333333333,0.058823529411764705,0.15789473684210525,true
com.puppycrawl.tools.checkstyle.checks.imports.ImportControlRegExpTest:testCheckAccess,2,2,1.0,1.0,0.5,0.0,0.0,0.0,1.0,1.0,0.5,0.0,0.0,0.0,0.0,0.5,1.0,0.0,true
com.puppycrawl.tools.checkstyle.checks.coding.RequireThisCheck:collectDeclarations,3,3,93.0,58.0,31.0,17.0,17.0,5.666666666666667,76.0,41.0,25.333333333333332,0.0,2.0,0.0,0.0,0.3333333333333333,0.010752688172043012,0.02727272727272727,true
com.puppycrawl.tools.checkstyle.checks.header.HeaderCheckTest:getConfigPath,1,1,1.0,1.0,1.0,0.0,0.0,0.0,1.0,1.0,1.0,0.0,0.0,0.0,0.0,1.0,1.0,0.0,true
com.puppycrawl.tools.checkstyle.CheckerTest:createModule,1,1,6.0,6.0,6.0,0.0,0.0,0.0,6.0,6.0,6.0,0.0,0.0,0.0,0.0,1.0,0.16666666666666666,0.0,true
com.puppycrawl.tools.checkstyle.checks.whitespace.InputWhitespaceAfter:testFor,1,1,8.0,8.0,8.0,0.0,0.0,0.0,8.0,8.0,8.0,0.0,0.0,0.0,0.0,1.0,0.125,0.0,true
com.puppycrawl.tools.checkstyle.checks.imports.ImportControlRegExpTest:setUp,2,1,1.0,1.0,0.5,0.0,0.0,0.0,1.0,1.0,0.5,0.0,0.0,0.0,0.0,1.0,1.0,0.0,true
com.puppycrawl.tools.checkstyle.checks.coding.FinalLocalVariableCheck:storePrevScopeUninitializedVariableData,1,1,1.0,1.0,1.0,1.0,1.0,1.0,0.0,0.0,0.0,0.0,0.0,0.0,0.0,1.0,1.0,1.0,true
com.puppycrawl.tools.checkstyle.checks.coding.EqualsAvoidNullCheckTest:getPath,1,1,0.0,0.0,0.0,0.0,0.0,0.0,0.0,0.0,0.0,0.0,0.0,0.0,0.0,1.0,0.0,0.0,true
com.google.checkstyle.test.chapter4formatting.rule412nonemptyblocks.RightCurlyTest:testRightCurlyAloneSame,1,1,7.0,7.0,7.0,0.0,0.0,0.0,7.0,7.0,7.0,0.0,0.0,0.0,0.0,1.0,0.14285714285714285,0.0,true
com.puppycrawl.tools.checkstyle.checks.imports.CustomImportOrderCheckTest:testCustom,1,1,1.0,1.0,1.0,0.0,0.0,0.0,1.0,1.0,1.0,0.0,0.0,0.0,0.0,1.0,1.0,0.0,true
com.puppycrawl.tools.checkstyle.checks.coding.hiddenfield.InputHiddenFieldLambdas:foo5,1,1,0.0,0.0,0.0,0.0,0.0,0.0,0.0,0.0,0.0,0.0,0.0,0.0,0.0,1.0,0.0,0.0,true
com.puppycrawl.tools.checkstyle.internal.CheckUtil:getCheckMessage,1,1,6.0,6.0,6.0,2.0,2.0,2.0,4.0,4.0,4.0,0.0,0.0,0.0,0.0,1.0,0.16666666666666666,0.25,true
com.puppycrawl.tools.checkstyle.checks.naming.AbstractClassNameCheckTest:getPath,1,1,0.0,0.0,0.0,0.0,0.0,0.0,0.0,0.0,0.0,0.0,0.0,0.0,0.0,1.0,0.0,0.0,true
com.puppycrawl.tools.checkstyle.checks.coding.hiddenfield.InputHiddenFieldLambdas:foo4,1,1,0.0,0.0,0.0,0.0,0.0,0.0,0.0,0.0,0.0,0.0,0.0,0.0,0.0,1.0,0.0,0.0,true
com.puppycrawl.tools.checkstyle.checks.metrics.InputNPathComplexity:testComplexReturn,1,1,12.0,12.0,12.0,0.0,0.0,0.0,12.0,12.0,12.0,0.0,0.0,0.0,0.0,1.0,0.08333333333333333,0.0,true
com.puppycrawl.tools.checkstyle.checks.indentation.IndentationCheckTest:testZeroCaseLevel,1,1,1.0,1.0,1.0,0.0,0.0,0.0,1.0,1.0,1.0,0.0,0.0,0.0,0.0,1.0,1.0,0.0,true
com.puppycrawl.tools.checkstyle.checks.indentation.indentation.InputIndentationInvalidSwitchIndent:InputIndentationInvalidSwitchIndent,1,1,3.0,3.0,3.0,0.0,0.0,0.0,3.0,3.0,3.0,0.0,0.0,0.0,0.0,1.0,0.3333333333333333,0.0,true
com.puppycrawl.tools.checkstyle.checks.imports.ImportControlRegExpInPkgTest:testAlternationInParentIfUserCaresForIt,2,2,10.0,7.0,5.0,0.0,0.0,0.0,10.0,7.0,5.0,0.0,0.0,0.0,0.0,0.5,0.1,0.0,true
com.puppycrawl.tools.checkstyle.checks.header.RegexpHeaderCheckTest:getPath,1,1,9.0,9.0,9.0,0.0,0.0,0.0,9.0,9.0,9.0,0.0,0.0,0.0,0.0,1.0,0.1111111111111111,0.0,true
com.puppycrawl.tools.checkstyle.checks.whitespace.nowhitespaceafter.InputNoWhitespaceAfterBadMethodRef:methodName,1,1,5.0,5.0,5.0,0.0,0.0,0.0,5.0,5.0,5.0,0.0,0.0,0.0,0.0,1.0,0.2,0.0,true
com.puppycrawl.tools.checkstyle.checks.indentation.indentation.InputIndentationUseTabs:InputIndentationUseTabs,1,1,10.0,10.0,10.0,0.0,0.0,0.0,10.0,10.0,10.0,0.0,1.0,0.0,0.0,1.0,0.1,0.0,true
com.google.checkstyle.test.chapter4formatting.rule412nonemptyblocks.RightCurlyTest:testRightCurlyAloneInLambda,1,1,7.0,7.0,7.0,0.0,0.0,0.0,7.0,7.0,7.0,0.0,0.0,0.0,0.0,1.0,0.14285714285714285,0.0,true
com.puppycrawl.tools.checkstyle.checks.design.DesignForExtensionCheck:visitToken,2,1,5.0,5.0,2.5,3.0,3.0,1.5,2.0,2.0,1.0,0.0,0.0,0.0,0.0,1.0,0.2,0.25,true
com.puppycrawl.tools.checkstyle.checks.regexp.DetectorOptions:newBuilder,1,1,0.0,0.0,0.0,0.0,0.0,0.0,0.0,0.0,0.0,0.0,0.0,0.0,0.0,1.0,0.0,0.0,true
com.puppycrawl.tools.checkstyle.PackageObjectFactory:fillShortToFullModuleNamesMap,2,1,5.0,5.0,2.5,0.0,0.0,0.0,5.0,5.0,2.5,0.0,0.0,0.0,0.0,1.0,0.2,0.0,true
com.puppycrawl.tools.checkstyle.BaseCheckTestSupport:verifyJavaAndJavadocAst,1,1,6.0,6.0,6.0,0.0,0.0,0.0,6.0,6.0,6.0,0.0,0.0,0.0,0.0,1.0,0.16666666666666666,0.0,true
com.puppycrawl.tools.checkstyle.checks.coding.InputFallThrough:tryResource,1,1,61.0,61.0,61.0,0.0,0.0,0.0,61.0,61.0,61.0,0.0,0.0,0.0,0.0,1.0,0.01639344262295082,0.0,true
com.puppycrawl.tools.checkstyle.checks.imports.UnusedImportsCheckTest:testGetRequiredTokens,1,1,1.0,1.0,1.0,0.0,0.0,0.0,1.0,1.0,1.0,0.0,0.0,0.0,0.0,1.0,1.0,0.0,true
com.puppycrawl.tools.checkstyle.utils.CommonUtils:isPatternValid,1,1,7.0,7.0,7.0,1.0,1.0,1.0,6.0,6.0,6.0,0.0,0.0,0.0,0.0,1.0,0.14285714285714285,0.25,true
com.puppycrawl.tools.checkstyle.checks.indentation.CommentsIndentationCheck:isDistributedExpression,1,1,0.0,0.0,0.0,0.0,0.0,0.0,0.0,0.0,0.0,0.0,0.0,0.0,0.0,1.0,0.0,0.0,true
com.puppycrawl.tools.checkstyle.checks.coding.DeclarationOrderCheck:beginTree,1,1,2.0,2.0,2.0,0.0,0.0,0.0,2.0,2.0,2.0,0.0,0.0,0.0,0.0,1.0,0.5,0.0,true
com.puppycrawl.tools.checkstyle.checks.blocks.rightcurly.InputRightCurlyAloneOrSinglelineLambda:foo1,1,1,14.0,14.0,14.0,0.0,0.0,0.0,14.0,14.0,14.0,0.0,0.0,0.0,0.0,1.0,0.07142857142857142,0.0,true
com.puppycrawl.tools.checkstyle.checks.coding.PackageDeclarationCheckTest:testOnFileWithCommentOnly,2,2,6.0,6.0,3.0,0.0,0.0,0.0,6.0,6.0,3.0,0.0,0.0,0.0,0.0,0.5,0.16666666666666666,0.0,true
com.puppycrawl.tools.checkstyle.checks.whitespace.whitespacearound.InputWhitespaceAroundCatch:case4,1,1,9.0,9.0,9.0,0.0,0.0,0.0,9.0,9.0,9.0,0.0,0.0,0.0,0.0,1.0,0.1111111111111111,0.0,true
com.puppycrawl.tools.checkstyle.utils.CommonUtilsTest:testIsIdentifier,1,1,3.0,3.0,3.0,0.0,0.0,0.0,3.0,3.0,3.0,0.0,0.0,0.0,0.0,1.0,0.3333333333333333,0.0,true
com.puppycrawl.tools.checkstyle.checks.whitespace.whitespacearound.InputWhitespaceAroundCatch:case3,1,1,9.0,9.0,9.0,0.0,0.0,0.0,9.0,9.0,9.0,0.0,0.0,0.0,0.0,1.0,0.1111111111111111,0.0,true
com.puppycrawl.tools.checkstyle.checks.whitespace.whitespacearound.InputWhitespaceAroundCatch:case2,1,1,9.0,9.0,9.0,0.0,0.0,0.0,9.0,9.0,9.0,0.0,0.0,0.0,0.0,1.0,0.1111111111111111,0.0,true
com.puppycrawl.tools.checkstyle.checks.annotation.AnnotationUseStyleCheckTest:testStyleExpanded,1,1,6.0,6.0,6.0,0.0,0.0,0.0,6.0,6.0,6.0,0.0,0.0,0.0,0.0,1.0,0.16666666666666666,0.0,true
com.puppycrawl.tools.checkstyle.checks.whitespace.whitespacearound.InputWhitespaceAroundCatch:case1,1,1,9.0,9.0,9.0,0.0,0.0,0.0,9.0,9.0,9.0,0.0,0.0,0.0,0.0,1.0,0.1111111111111111,0.0,true
com.puppycrawl.tools.checkstyle.ant.CheckstyleAntTaskTest:testOverrideProperty,1,1,10.0,10.0,10.0,0.0,0.0,0.0,10.0,10.0,10.0,0.0,0.0,0.0,0.0,1.0,0.1,0.0,true
com.puppycrawl.tools.checkstyle.checks.javadoc.JavadocMethodCheck:getThrows,1,1,1.0,1.0,1.0,0.0,0.0,0.0,1.0,1.0,1.0,0.0,0.0,0.0,0.0,1.0,1.0,0.0,true
com.puppycrawl.tools.checkstyle.utils.CommonUtils:getFileExtension,1,1,13.0,13.0,13.0,0.0,0.0,0.0,13.0,13.0,13.0,0.0,1.0,-1.0,-1.0,1.0,0.07692307692307693,0.0,true
com.puppycrawl.tools.checkstyle.checks.whitespace.WhitespaceAroundCheck:getAcceptableTokens,1,1,0.0,0.0,0.0,0.0,0.0,0.0,0.0,0.0,0.0,0.0,0.0,0.0,0.0,1.0,0.0,0.0,true
com.puppycrawl.tools.checkstyle.checks.imports.CustomImportOrderCheckTest:testSamePackageDepthZero,3,3,45.0,44.0,15.0,8.0,8.0,2.6666666666666665,37.0,36.0,12.333333333333334,0.0,0.0,0.0,0.0,0.3333333333333333,0.022222222222222223,0.05660377358490566,true
com.puppycrawl.tools.checkstyle.checks.header.HeaderCheckTest:testCacheHeaderWithoutFile,3,2,19.0,13.0,6.333333333333333,0.0,0.0,0.0,19.0,13.0,6.333333333333333,0.0,0.0,0.0,0.0,0.6666666666666666,0.05263157894736842,0.0,true
com.puppycrawl.tools.checkstyle.checks.coding.ModifiedControlVariableCheck:getVariablesManagedByForLoop,1,1,0.0,0.0,0.0,1.0,1.0,1.0,-1.0,-1.0,-1.0,0.0,0.0,0.0,0.0,1.0,0.0,0.0,true
com.puppycrawl.tools.checkstyle.TreeWalkerTest:testCheckInitIsCalledInTreeWalker,2,1,7.0,7.0,3.5,0.0,0.0,0.0,7.0,7.0,3.5,0.0,0.0,0.0,0.0,1.0,0.14285714285714285,0.0,true
com.puppycrawl.tools.checkstyle.filters.SuppressWarningsFilterTest:removeSuppressed,1,1,1.0,1.0,1.0,0.0,0.0,0.0,1.0,1.0,1.0,0.0,0.0,0.0,0.0,1.0,1.0,0.0,true
com.puppycrawl.tools.checkstyle.filefilters.ExclusionBeforeExecutionFileFilterTest:createCheckerConfig,1,1,7.0,7.0,7.0,0.0,0.0,0.0,7.0,7.0,7.0,0.0,1.0,0.0,0.0,1.0,0.14285714285714285,0.0,true
com.puppycrawl.tools.checkstyle.MainTest:testExistingTargetFilePlainOutputProperties,1,1,26.0,26.0,26.0,90.0,90.0,90.0,-64.0,-64.0,-64.0,0.0,0.0,0.0,0.0,1.0,0.038461538461538464,0.017241379310344827,true
com.puppycrawl.tools.checkstyle.checks.metrics.InputNPathComplexity:testTryCatch,1,1,12.0,12.0,12.0,0.0,0.0,0.0,12.0,12.0,12.0,0.0,0.0,0.0,0.0,1.0,0.08333333333333333,0.0,true
com.puppycrawl.tools.checkstyle.grammars.java8.InputLambda13:main,1,1,1.0,1.0,1.0,0.0,0.0,0.0,1.0,1.0,1.0,0.0,0.0,0.0,0.0,1.0,1.0,0.0,true
com.puppycrawl.tools.checkstyle.TreeWalkerTest:testProcessNonJavaFiles,1,1,1.0,1.0,1.0,0.0,0.0,0.0,1.0,1.0,1.0,0.0,0.0,0.0,0.0,1.0,1.0,0.0,true
com.puppycrawl.tools.checkstyle.checks.whitespace.nowhitespaceafter.InputNoWhitespaceAfterSynchronized:synchronzed,1,1,8.0,8.0,8.0,0.0,0.0,0.0,8.0,8.0,8.0,0.0,0.0,0.0,0.0,1.0,0.125,0.0,true
com.puppycrawl.tools.checkstyle.gui.CodeSelectorPresentationTest:loadFile,1,1,7.0,7.0,7.0,0.0,0.0,0.0,7.0,7.0,7.0,0.0,0.0,0.0,0.0,1.0,0.14285714285714285,0.0,true
com.puppycrawl.tools.checkstyle.checks.blocks.RightCurlyCheck:shouldHaveLineBreakBefore,1,1,10.0,10.0,10.0,0.0,0.0,0.0,10.0,10.0,10.0,0.0,0.0,0.0,0.0,1.0,0.1,0.0,true
com.puppycrawl.tools.checkstyle.checks.indentation.CommentsIndentationCheck:getMessageKey,1,1,1.0,1.0,1.0,0.0,0.0,0.0,1.0,1.0,1.0,0.0,0.0,0.0,0.0,1.0,1.0,0.0,false
com.puppycrawl.tools.checkstyle.checks.blocks.RightCurlyCheckTest:testMethodCtorNamedClassClosingBrace,2,2,8.0,6.0,4.0,0.0,0.0,0.0,8.0,6.0,4.0,0.0,0.0,0.0,0.0,0.5,0.125,0.0,true
com.puppycrawl.tools.checkstyle.checks.imports.ImportControl:encloseInGroup,1,1,11.0,11.0,11.0,0.0,0.0,0.0,11.0,11.0,11.0,0.0,1.0,-1.0,-1.0,1.0,0.09090909090909091,0.0,true
com.puppycrawl.tools.checkstyle.checks.annotation.AnnotationLocationCheckTest:testGetAcceptableTokens,1,1,0.0,0.0,0.0,0.0,0.0,0.0,0.0,0.0,0.0,0.0,0.0,0.0,0.0,1.0,0.0,0.0,true
com.puppycrawl.tools.checkstyle.checks.indentation.indentation.InputIndentationValidWhileIndent:InputIndentationValidWhileIndent,1,1,3.0,3.0,3.0,0.0,0.0,0.0,3.0,3.0,3.0,0.0,0.0,0.0,0.0,1.0,0.3333333333333333,0.0,true
com.puppycrawl.tools.checkstyle.api.FileContentsTest:testDeprecatedAbbreviatedMethod,3,3,11.0,5.0,3.6666666666666665,0.0,0.0,0.0,11.0,5.0,3.6666666666666665,0.0,0.0,0.0,0.0,0.3333333333333333,0.18181818181818182,0.0,true
com.puppycrawl.tools.checkstyle.checks.whitespace.separatorwrap.InputSeparatorWrapForInvalidOption:goodCase,1,1,12.0,12.0,12.0,0.0,0.0,0.0,12.0,12.0,12.0,0.0,0.0,0.0,0.0,1.0,0.08333333333333333,0.0,true
com.puppycrawl.tools.checkstyle.ant.CheckstyleAntTask:setConfig,1,1,1.0,1.0,1.0,15.0,15.0,15.0,-14.0,-14.0,-14.0,0.0,0.0,0.0,0.0,1.0,1.0,0.125,true
com.puppycrawl.tools.checkstyle.internal.AllChecksTest:testAllCheckstyleModulesHaveXdocDocumentation,4,2,13.0,11.0,3.25,14.0,10.0,3.5,-1.0,1.0,-0.25,0.0,2.0,-1.0,-1.0,0.75,0.15384615384615385,0.14814814814814814,true
com.puppycrawl.tools.checkstyle.checks.imports.ImportControlCheckTest:testWrong,2,2,5.0,5.0,2.5,0.0,0.0,0.0,5.0,5.0,2.5,0.0,0.0,0.0,0.0,0.5,0.2,0.0,true
com.puppycrawl.tools.checkstyle.utils.CommonUtilsTest:testIsBlankWithWhitespacesAround,1,1,3.0,3.0,3.0,0.0,0.0,0.0,3.0,3.0,3.0,0.0,0.0,0.0,0.0,1.0,0.3333333333333333,0.0,true
com.puppycrawl.tools.checkstyle.gui.ParseTreeTablePresentationTest:loadTree,1,1,10.0,10.0,10.0,0.0,0.0,0.0,10.0,10.0,10.0,0.0,0.0,0.0,0.0,1.0,0.1,0.0,true
com.puppycrawl.tools.checkstyle.checks.coding.fallthrough.InputFallThrough:method,1,1,9.0,9.0,9.0,0.0,0.0,0.0,9.0,9.0,9.0,0.0,0.0,0.0,0.0,1.0,0.1111111111111111,0.0,true
com.puppycrawl.tools.checkstyle.checks.metrics.JavaNCSSCheck:visitToken,1,1,1.0,1.0,1.0,3.0,3.0,3.0,-2.0,-2.0,-2.0,0.0,0.0,0.0,0.0,1.0,1.0,0.5,true
com.puppycrawl.tools.checkstyle.checks.blocks.RightCurlyCheck:getDetails,6,4,138.0,56.0,23.0,58.0,34.0,9.666666666666666,80.0,22.0,13.333333333333334,0.0,5.0,-1.0,-1.0,0.5,0.007246376811594203,0.015306122448979591,true
com.puppycrawl.tools.checkstyle.PackageObjectFactoryTest:testCtorNullLoaderException1,1,1,10.0,10.0,10.0,0.0,0.0,0.0,10.0,10.0,10.0,0.0,0.0,0.0,0.0,1.0,0.1,0.0,true
com.puppycrawl.tools.checkstyle.PackageObjectFactoryTest:testCtorNullLoaderException2,1,1,10.0,10.0,10.0,0.0,0.0,0.0,10.0,10.0,10.0,0.0,0.0,0.0,0.0,1.0,0.1,0.0,true
com.puppycrawl.tools.checkstyle.MainTest:testExistingTargetFileWithError,1,1,26.0,26.0,26.0,90.0,90.0,90.0,-64.0,-64.0,-64.0,0.0,0.0,0.0,0.0,1.0,0.038461538461538464,0.017241379310344827,true
com.puppycrawl.tools.checkstyle.checks.blocks.EmptyBlockCheck:visitToken,2,2,16.0,15.0,8.0,0.0,0.0,0.0,16.0,15.0,8.0,0.0,2.0,-2.0,-2.0,0.5,0.0625,0.0,true
com.puppycrawl.tools.checkstyle.checks.javadoc.JavadocParagraphCheck:getRequiredJavadocTokens,1,1,3.0,3.0,3.0,0.0,0.0,0.0,3.0,3.0,3.0,0.0,0.0,0.0,0.0,1.0,0.3333333333333333,0.0,true
com.puppycrawl.tools.checkstyle.checks.imports.ImportControlLoader:safeGet,1,1,1.0,1.0,1.0,0.0,0.0,0.0,1.0,1.0,1.0,0.0,0.0,0.0,0.0,1.0,1.0,0.0,true
com.puppycrawl.tools.checkstyle.checks.modifier.redundantmodifier.InputRedundantModifierPublicModifierInNotPublicClass:InputRedundantModifierPublicModifierInNotPublicClass,1,1,2.0,2.0,2.0,0.0,0.0,0.0,2.0,2.0,2.0,0.0,0.0,0.0,0.0,1.0,0.5,0.0,true
com.puppycrawl.tools.checkstyle.checks.imports.PkgImportRule:verifyImport,1,1,17.0,17.0,17.0,0.0,0.0,0.0,17.0,17.0,17.0,0.0,3.0,-1.0,-1.0,1.0,0.058823529411764705,0.0,true
com.puppycrawl.tools.checkstyle.checks.whitespace.EmptyLineSeparatorCheck:hasEmptyLineAfter,1,1,9.0,9.0,9.0,0.0,0.0,0.0,9.0,9.0,9.0,0.0,1.0,0.0,0.0,1.0,0.1111111111111111,0.0,true
com.puppycrawl.tools.checkstyle.checks.annotation.AnnotationLocationCheckTest:testCorrect,1,1,2.0,2.0,2.0,0.0,0.0,0.0,2.0,2.0,2.0,0.0,0.0,0.0,0.0,1.0,0.5,0.0,true
com.puppycrawl.tools.checkstyle.ant.CheckstyleAntTask:realExecute,1,1,14.0,14.0,14.0,1.0,1.0,1.0,13.0,13.0,13.0,0.0,0.0,0.0,0.0,1.0,0.07142857142857142,0.13333333333333333,true
com.puppycrawl.tools.checkstyle.checks.imports.ImportOrderCheck:isWrongOrder,1,1,5.0,5.0,5.0,0.0,0.0,0.0,5.0,5.0,5.0,0.0,0.0,0.0,0.0,1.0,0.2,0.0,true
com.puppycrawl.tools.checkstyle.checks.design.VisibilityModifierCheck:setPublicMemberPattern,2,1,3.0,3.0,1.5,1.0,1.0,0.5,2.0,2.0,1.0,0.0,0.0,0.0,0.0,1.0,0.3333333333333333,0.5,true
com.puppycrawl.tools.checkstyle.gui.ParseTreeTablePresentation:getValueAt,2,2,77.0,77.0,38.5,4.0,4.0,2.0,73.0,73.0,36.5,0.0,1.0,-1.0,-1.0,0.5,0.012987012987012988,0.024691358024691357,true
com.puppycrawl.tools.checkstyle.checks.OuterTypeFilenameCheckTest:testGetRequiredTokens,1,1,0.0,0.0,0.0,0.0,0.0,0.0,0.0,0.0,0.0,0.0,0.0,0.0,0.0,1.0,0.0,0.0,true
com.puppycrawl.tools.checkstyle.checks.metrics.NPathComplexityCheck:countConditionalOperators,1,1,66.0,66.0,66.0,8.0,8.0,8.0,58.0,58.0,58.0,0.0,0.0,0.0,0.0,1.0,0.015151515151515152,0.02702702702702703,true
com.puppycrawl.tools.checkstyle.ant.CheckstyleAntTaskTest:testSetInvalidType,1,1,0.0,0.0,0.0,0.0,0.0,0.0,0.0,0.0,0.0,0.0,0.0,0.0,0.0,1.0,0.0,0.0,true
com.puppycrawl.tools.checkstyle.utils.CommonUtilsTest:testCloseWithException,2,2,34.0,33.0,17.0,4.0,3.0,2.0,30.0,30.0,15.0,0.0,0.0,0.0,0.0,0.5,0.029411764705882353,0.05263157894736842,true
com.puppycrawl.tools.checkstyle.checks.blocks.LeftCurlyCheckTest:testIgnoreEnumsOptionTrue,1,1,2.0,2.0,2.0,0.0,0.0,0.0,2.0,2.0,2.0,0.0,0.0,0.0,0.0,1.0,0.5,0.0,true
com.puppycrawl.tools.checkstyle.utils.BlockCommentPositionTest:testJavaDocsRecognition,1,1,8.0,8.0,8.0,0.0,0.0,0.0,8.0,8.0,8.0,0.0,0.0,0.0,0.0,1.0,0.125,0.0,true
com.puppycrawl.tools.checkstyle.checks.TranslationCheck:checkFilesForConsistencyRegardingTheirKeys,1,1,1.0,1.0,1.0,0.0,0.0,0.0,1.0,1.0,1.0,0.0,0.0,0.0,0.0,1.0,1.0,0.0,true
com.puppycrawl.tools.checkstyle.gui.ParseTreeTablePresentation:getColumnCount,1,1,0.0,0.0,0.0,0.0,0.0,0.0,0.0,0.0,0.0,0.0,0.0,0.0,0.0,1.0,0.0,0.0,true
com.puppycrawl.tools.checkstyle.checks.naming.AbbreviationAsWordInNameCheckTest:testTypeNamesForThreePermittedCapitalLettersWithOverriddenMethod,2,2,18.0,10.0,9.0,0.0,0.0,0.0,18.0,10.0,9.0,0.0,0.0,0.0,0.0,0.5,0.05555555555555555,0.0,true
com.puppycrawl.tools.checkstyle.checks.indentation.IndentationCheckTest:testValidDoWhileWithChecker,1,1,1.0,1.0,1.0,0.0,0.0,0.0,1.0,1.0,1.0,0.0,0.0,0.0,0.0,1.0,1.0,0.0,true
com.puppycrawl.tools.checkstyle.checks.blocks.RightCurlyCheck:shouldBeAloneOnLineWithAloneOrSinglelineOption,1,1,14.0,14.0,14.0,13.0,13.0,13.0,1.0,1.0,1.0,0.0,2.0,1.0,1.0,1.0,0.07142857142857142,0.07407407407407407,true
com.puppycrawl.tools.checkstyle.PackageObjectFactory:fillChecksFromDesignPackage,2,1,5.0,5.0,2.5,0.0,0.0,0.0,5.0,5.0,2.5,0.0,0.0,0.0,0.0,1.0,0.2,0.0,true
com.puppycrawl.tools.checkstyle.filters.SuppressionFilterTest:isConnectionAvailableAndStable,2,2,12.0,11.0,6.0,1.0,1.0,0.5,11.0,10.0,5.5,0.0,0.0,0.0,0.0,0.5,0.08333333333333333,0.15384615384615385,true
com.puppycrawl.tools.checkstyle.grammars.java8.InputLambda9:main,1,1,0.0,0.0,0.0,0.0,0.0,0.0,0.0,0.0,0.0,0.0,0.0,0.0,0.0,1.0,0.0,0.0,true
com.puppycrawl.tools.checkstyle.checks.annotation.AnnotationLocationCheck:getExpectedAnnotationIndentation,1,1,0.0,0.0,0.0,0.0,0.0,0.0,0.0,0.0,0.0,0.0,0.0,0.0,0.0,1.0,0.0,0.0,true
com.puppycrawl.tools.checkstyle.BaseCheckTestSupport:verifyAst,4,3,5.0,4.0,1.25,0.0,0.0,0.0,5.0,4.0,1.25,0.0,0.0,0.0,0.0,0.5,0.4,0.0,true
com.puppycrawl.tools.checkstyle.grammars.javadoc.JavadocParseTreeTest:getDocPath,1,1,0.0,0.0,0.0,5.0,5.0,5.0,-5.0,-5.0,-5.0,0.0,0.0,0.0,0.0,1.0,0.0,0.0,true
com.puppycrawl.tools.checkstyle.checks.imports.unusedimports.InputUnusedImportsFromJavaLang:run,1,1,6.0,6.0,6.0,0.0,0.0,0.0,6.0,6.0,6.0,0.0,0.0,0.0,0.0,1.0,0.16666666666666666,0.0,true
com.puppycrawl.tools.checkstyle.checks.whitespace.separatorwrap.InputSeparatorWrapForTestMethodRef:goodCase,1,1,4.0,4.0,4.0,0.0,0.0,0.0,4.0,4.0,4.0,0.0,0.0,0.0,0.0,1.0,0.25,0.0,true
com.puppycrawl.tools.checkstyle.checks.whitespace.whitespaceafter.InputWhitespaceAfterLiteralDo:testWhile,1,1,8.0,8.0,8.0,0.0,0.0,0.0,8.0,8.0,8.0,0.0,0.0,0.0,0.0,1.0,0.125,0.0,true
com.puppycrawl.tools.checkstyle.checks.blocks.EmptyCatchBlockCheckTest:testGetRequiredTokens,1,1,0.0,0.0,0.0,0.0,0.0,0.0,0.0,0.0,0.0,0.0,0.0,0.0,0.0,1.0,0.0,0.0,true
com.puppycrawl.tools.checkstyle.grammars.java8.LambdaTest:testWithFewArgWithTypeOneLine,1,1,5.0,5.0,5.0,0.0,0.0,0.0,5.0,5.0,5.0,0.0,0.0,0.0,0.0,1.0,0.2,0.0,true
com.puppycrawl.tools.checkstyle.gui.ParseTreeTablePresentation:getChildCount,2,2,104.0,77.0,52.0,12.0,8.0,6.0,92.0,69.0,46.0,0.0,2.0,-2.0,-2.0,0.5,0.009615384615384616,0.017241379310344827,true
com.puppycrawl.tools.checkstyle.checks.header.RegexpHeaderCheckTest:testNoHeaderMissingErrorInCaseHeaderSizeEqualToFileSize,2,2,21.0,12.0,10.5,0.0,0.0,0.0,21.0,12.0,10.5,0.0,0.0,0.0,0.0,0.5,0.047619047619047616,0.0,true
com.puppycrawl.tools.checkstyle.checks.indentation.CommentsIndentationCheck:getDistributedPreviousStatement,1,1,0.0,0.0,0.0,0.0,0.0,0.0,0.0,0.0,0.0,0.0,0.0,0.0,0.0,1.0,0.0,0.0,true
com.puppycrawl.tools.checkstyle.Checker:setModuleClassLoader,1,1,0.0,0.0,0.0,0.0,0.0,0.0,0.0,0.0,0.0,0.0,0.0,0.0,0.0,1.0,0.0,0.0,true
com.puppycrawl.tools.checkstyle.checks.regexp.RegexpOnFilenameCheckTest:testException,2,2,1.0,1.0,0.5,0.0,0.0,0.0,1.0,1.0,0.5,0.0,0.0,0.0,0.0,0.5,1.0,0.0,true
com.puppycrawl.tools.checkstyle.checks.coding.RequireThisCheck:findClassFrame,1,1,32.0,32.0,32.0,27.0,27.0,27.0,5.0,5.0,5.0,0.0,2.0,0.0,0.0,1.0,0.03125,0.03389830508474576,true
com.puppycrawl.tools.checkstyle.gui.MainFrame:createContent,1,1,1.0,1.0,1.0,0.0,0.0,0.0,1.0,1.0,1.0,0.0,0.0,0.0,0.0,1.0,1.0,0.0,true
com.puppycrawl.tools.checkstyle.checks.blocks.NeedBracesCheckTest:testSingleLineCaseDefault,1,1,2.0,2.0,2.0,0.0,0.0,0.0,2.0,2.0,2.0,0.0,0.0,0.0,0.0,1.0,0.5,0.0,true
com.puppycrawl.tools.checkstyle.checks.metrics.NPathComplexityCheckTest:testGetAcceptableTokens,1,1,3.0,3.0,3.0,0.0,0.0,0.0,3.0,3.0,3.0,0.0,0.0,0.0,0.0,1.0,0.3333333333333333,0.0,true
com.puppycrawl.tools.checkstyle.grammars.javadoc.JavadocParseTreeTest:paramWithGeneric,2,1,0.0,0.0,0.0,5.0,5.0,2.5,-5.0,-5.0,-2.5,0.0,0.0,0.0,0.0,1.0,0.0,0.0,true
com.puppycrawl.tools.checkstyle.checks.sizes.InputLineLengthCheckTest:getPath,1,1,2.0,2.0,2.0,0.0,0.0,0.0,2.0,2.0,2.0,0.0,0.0,0.0,0.0,1.0,0.5,0.0,true
com.puppycrawl.tools.checkstyle.checks.coding.ExplicitInitializationCheckTest:testonlyObjectReferences,1,1,6.0,6.0,6.0,0.0,0.0,0.0,6.0,6.0,6.0,0.0,0.0,0.0,0.0,1.0,0.16666666666666666,0.0,true
com.puppycrawl.tools.checkstyle.utils.ModuleReflectionUtilsTest:testIsCheckstyleModule,1,1,7.0,7.0,7.0,0.0,0.0,0.0,7.0,7.0,7.0,0.0,0.0,0.0,0.0,1.0,0.14285714285714285,0.0,true
com.puppycrawl.tools.checkstyle.ant.CheckstyleAntTaskTest:testXmlLoggerListener,1,1,0.0,0.0,0.0,0.0,0.0,0.0,0.0,0.0,0.0,0.0,0.0,0.0,0.0,1.0,0.0,0.0,true
com.puppycrawl.tools.checkstyle.checks.imports.redundantimport.InputImportBug:InputImportBug,1,1,3.0,3.0,3.0,0.0,0.0,0.0,3.0,3.0,3.0,0.0,0.0,0.0,0.0,1.0,0.3333333333333333,0.0,true
com.puppycrawl.tools.checkstyle.api.DetailAST:clearBranchTokenTypes,2,2,23.0,13.0,11.5,0.0,0.0,0.0,23.0,13.0,11.5,0.0,0.0,0.0,0.0,0.5,0.043478260869565216,0.0,true
com.puppycrawl.tools.checkstyle.utils.CheckUtilsTest:testGetTypeParameterNames,1,1,21.0,21.0,21.0,0.0,0.0,0.0,21.0,21.0,21.0,0.0,0.0,0.0,0.0,1.0,0.047619047619047616,0.0,true
com.puppycrawl.tools.checkstyle.gui.TreeTable:setColumnsInitialWidth,1,1,0.0,0.0,0.0,0.0,0.0,0.0,0.0,0.0,0.0,0.0,0.0,0.0,0.0,1.0,0.0,0.0,true
com.puppycrawl.tools.checkstyle.checks.javadoc.InputIncorrectSummaryJavaDoc:foo9,1,1,3.0,3.0,3.0,0.0,0.0,0.0,3.0,3.0,3.0,0.0,0.0,0.0,0.0,1.0,0.3333333333333333,0.0,true
com.puppycrawl.tools.checkstyle.checks.javadoc.InputIncorrectSummaryJavaDoc:foo8,1,1,3.0,3.0,3.0,0.0,0.0,0.0,3.0,3.0,3.0,0.0,0.0,0.0,0.0,1.0,0.3333333333333333,0.0,true
com.puppycrawl.tools.checkstyle.checks.javadoc.InputIncorrectSummaryJavaDoc:foo7,1,1,3.0,3.0,3.0,0.0,0.0,0.0,3.0,3.0,3.0,0.0,0.0,0.0,0.0,1.0,0.3333333333333333,0.0,true
com.puppycrawl.tools.checkstyle.CloseAndFlushTestByteArrayOutputStream:getCloseCount,1,1,3.0,3.0,3.0,0.0,0.0,0.0,3.0,3.0,3.0,0.0,0.0,0.0,0.0,1.0,0.3333333333333333,0.0,true
com.puppycrawl.tools.checkstyle.checks.blocks.LeftCurlyCheckTest:testInvalidOption,3,3,13.0,11.0,4.333333333333333,2.0,2.0,0.6666666666666666,11.0,9.0,3.6666666666666665,0.0,0.0,0.0,0.0,0.3333333333333333,0.07692307692307693,0.2,true
com.puppycrawl.tools.checkstyle.TestRootModuleChecker:process,2,2,5.0,3.0,2.5,0.0,0.0,0.0,5.0,3.0,2.5,0.0,0.0,0.0,0.0,0.5,0.2,0.0,true
com.puppycrawl.tools.checkstyle.gui.TreeTable:expandSelectedNode,1,1,2.0,2.0,2.0,0.0,0.0,0.0,2.0,2.0,2.0,0.0,0.0,0.0,0.0,1.0,0.5,0.0,true
com.puppycrawl.tools.checkstyle.utils.ModuleReflectionUtilsTest:testIsRootModule,2,2,10.0,7.0,5.0,2.0,2.0,1.0,8.0,5.0,4.0,0.0,0.0,0.0,0.0,0.5,0.1,0.16666666666666666,true
com.puppycrawl.tools.checkstyle.utils.CheckUtils:createFullTypeNoArrays,1,1,0.0,0.0,0.0,0.0,0.0,0.0,0.0,0.0,0.0,0.0,0.0,0.0,0.0,1.0,0.0,0.0,true
com.puppycrawl.tools.checkstyle.filters.SuppressionsLoaderTest:testInvalidFileFormat,1,1,1.0,1.0,1.0,0.0,0.0,0.0,1.0,1.0,1.0,0.0,0.0,0.0,0.0,1.0,1.0,0.0,true
com.puppycrawl.tools.checkstyle.checks.sizes.MethodLengthCheckTest:getPath,1,1,2.0,2.0,2.0,0.0,0.0,0.0,2.0,2.0,2.0,0.0,0.0,0.0,0.0,1.0,0.5,0.0,true
com.puppycrawl.tools.checkstyle.ant.CheckstyleAntTaskTest:testSetClasspathRef,1,1,0.0,0.0,0.0,0.0,0.0,0.0,0.0,0.0,0.0,0.0,0.0,0.0,0.0,1.0,0.0,0.0,true
com.puppycrawl.tools.checkstyle.checks.imports.ImportControl:locateFinest,3,3,12.0,11.0,4.0,0.0,0.0,0.0,12.0,11.0,4.0,0.0,1.0,-1.0,-1.0,0.3333333333333333,0.08333333333333333,0.0,true
com.puppycrawl.tools.checkstyle.checks.blocks.NeedBracesCheck:isSingleLineCase,2,2,45.0,44.0,22.5,10.0,9.0,5.0,35.0,35.0,17.5,0.0,1.0,-1.0,-1.0,0.5,0.022222222222222223,0.03636363636363636,true
com.puppycrawl.tools.checkstyle.checks.blocks.NeedBracesCheckTest:testCycles,1,1,2.0,2.0,2.0,0.0,0.0,0.0,2.0,2.0,2.0,0.0,0.0,0.0,0.0,1.0,0.5,0.0,true
com.puppycrawl.tools.checkstyle.api.AutomaticBeanTest:testTestBean,1,1,11.0,11.0,11.0,1.0,1.0,1.0,10.0,10.0,10.0,0.0,0.0,0.0,0.0,1.0,0.09090909090909091,0.16666666666666666,true
com.puppycrawl.tools.checkstyle.JavadocDetailNodeParser:adjustFirstLineToJavadocIndent,1,1,15.0,15.0,15.0,0.0,0.0,0.0,15.0,15.0,15.0,0.0,0.0,0.0,0.0,1.0,0.06666666666666667,0.0,true
com.puppycrawl.tools.checkstyle.checks.javadoc.JavadocMethodCheck:setIgnoreMethodNamesRegex,1,1,2.0,2.0,2.0,0.0,0.0,0.0,2.0,2.0,2.0,0.0,0.0,0.0,0.0,1.0,0.5,0.0,true
com.puppycrawl.tools.checkstyle.checks.blocks.RightCurlyCheckTest:testTryWithResourceSame,2,2,5.0,5.0,2.5,0.0,0.0,0.0,5.0,5.0,2.5,0.0,0.0,0.0,0.0,0.5,0.2,0.0,true
com.puppycrawl.tools.checkstyle.checks.imports.ImportControlLoader:closeStream,1,1,11.0,11.0,11.0,0.0,0.0,0.0,11.0,11.0,11.0,0.0,1.0,0.0,0.0,1.0,0.09090909090909091,0.0,true
com.puppycrawl.tools.checkstyle.utils.TokenUtils:getTokenTypesTotalNumber,1,1,4.0,4.0,4.0,0.0,0.0,0.0,4.0,4.0,4.0,0.0,0.0,0.0,0.0,1.0,0.25,0.0,true
com.puppycrawl.tools.checkstyle.checks.coding.EqualsHashCodeCheck:visitToken,1,1,8.0,8.0,8.0,0.0,0.0,0.0,8.0,8.0,8.0,0.0,0.0,0.0,0.0,1.0,0.125,0.0,true
com.puppycrawl.tools.checkstyle.checks.whitespace.whitespaceafter.InputWhitespaceAfterLiteralFor:testFor,1,1,8.0,8.0,8.0,0.0,0.0,0.0,8.0,8.0,8.0,0.0,0.0,0.0,0.0,1.0,0.125,0.0,true
com.puppycrawl.tools.checkstyle.checks.sizes.MethodCountCheck:getAcceptableTokens,1,1,0.0,0.0,0.0,0.0,0.0,0.0,0.0,0.0,0.0,0.0,0.0,0.0,0.0,1.0,0.0,0.0,true
com.puppycrawl.tools.checkstyle.internal.XdocsPagesTest:validateErrorSection,3,2,2.0,1.0,0.6666666666666666,0.0,0.0,0.0,2.0,1.0,0.6666666666666666,0.0,0.0,0.0,0.0,0.6666666666666666,1.0,0.0,true
com.puppycrawl.tools.checkstyle.checks.design.designforextension.InputDesignForExtensionIgnoredAnnotations:foo5,1,1,3.0,3.0,3.0,0.0,0.0,0.0,3.0,3.0,3.0,0.0,0.0,0.0,0.0,1.0,0.3333333333333333,0.0,true
com.puppycrawl.tools.checkstyle.checks.design.designforextension.InputDesignForExtensionIgnoredAnnotations:foo6,1,1,3.0,3.0,3.0,0.0,0.0,0.0,3.0,3.0,3.0,0.0,0.0,0.0,0.0,1.0,0.3333333333333333,0.0,true
com.puppycrawl.tools.checkstyle.checks.indentation.BlockParentHandler:getLeftParen,1,1,5.0,5.0,5.0,0.0,0.0,0.0,5.0,5.0,5.0,0.0,0.0,0.0,0.0,1.0,0.2,0.0,true
com.puppycrawl.tools.checkstyle.checks.design.designforextension.InputDesignForExtensionIgnoredAnnotations:foo3,1,1,3.0,3.0,3.0,0.0,0.0,0.0,3.0,3.0,3.0,0.0,0.0,0.0,0.0,1.0,0.3333333333333333,0.0,true
com.puppycrawl.tools.checkstyle.checks.design.designforextension.InputDesignForExtensionIgnoredAnnotations:foo4,1,1,3.0,3.0,3.0,0.0,0.0,0.0,3.0,3.0,3.0,0.0,0.0,0.0,0.0,1.0,0.3333333333333333,0.0,true
com.puppycrawl.tools.checkstyle.checks.SuppressWarningsHolderTest:testAstWithoutChildren,1,1,0.0,0.0,0.0,0.0,0.0,0.0,0.0,0.0,0.0,0.0,0.0,0.0,0.0,1.0,0.0,0.0,true
com.puppycrawl.tools.checkstyle.checks.design.designforextension.InputDesignForExtensionIgnoredAnnotations:foo9,1,1,3.0,3.0,3.0,0.0,0.0,0.0,3.0,3.0,3.0,0.0,0.0,0.0,0.0,1.0,0.3333333333333333,0.0,true
com.puppycrawl.tools.checkstyle.checks.coding.superclone.InputSuperCloneInnerAndWithArguments:InputSuperCloneInnerAndWithArguments,1,1,4.0,4.0,4.0,0.0,0.0,0.0,4.0,4.0,4.0,0.0,0.0,0.0,0.0,1.0,0.25,0.0,true
com.puppycrawl.tools.checkstyle.checks.design.designforextension.InputDesignForExtensionIgnoredAnnotations:foo7,1,1,3.0,3.0,3.0,0.0,0.0,0.0,3.0,3.0,3.0,0.0,0.0,0.0,0.0,1.0,0.3333333333333333,0.0,true
com.puppycrawl.tools.checkstyle.checks.design.designforextension.InputDesignForExtensionIgnoredAnnotations:foo8,1,1,3.0,3.0,3.0,0.0,0.0,0.0,3.0,3.0,3.0,0.0,0.0,0.0,0.0,1.0,0.3333333333333333,0.0,true
com.puppycrawl.tools.checkstyle.checks.coding.EqualsAvoidNullCheck:traverseFieldFrameTree,1,1,1.0,1.0,1.0,3.0,3.0,3.0,-2.0,-2.0,-2.0,0.0,0.0,0.0,0.0,1.0,1.0,0.5,true
com.puppycrawl.tools.checkstyle.checks.AvoidEscapedUnicodeCharactersCheckTest:testDefault,1,1,0.0,0.0,0.0,0.0,0.0,0.0,0.0,0.0,0.0,0.0,0.0,0.0,0.0,1.0,0.0,0.0,true
com.puppycrawl.tools.checkstyle.checks.imports.AccessResultTest:testAccessResultValueOf,1,1,5.0,5.0,5.0,0.0,0.0,0.0,5.0,5.0,5.0,0.0,0.0,0.0,0.0,1.0,0.2,0.0,true
com.puppycrawl.tools.checkstyle.checks.javadoc.AtclauseOrderCheckTest:testGetRequiredTokens,1,1,0.0,0.0,0.0,0.0,0.0,0.0,0.0,0.0,0.0,0.0,0.0,0.0,0.0,1.0,0.0,0.0,true
com.puppycrawl.tools.checkstyle.checks.design.MutableExceptionCheckTest:getPath,1,1,0.0,0.0,0.0,0.0,0.0,0.0,0.0,0.0,0.0,0.0,0.0,0.0,0.0,1.0,0.0,0.0,true
com.puppycrawl.tools.checkstyle.PropertyCacheFileTest:testConfigHashRemainsOnResetExternalResources,1,1,10.0,10.0,10.0,0.0,0.0,0.0,10.0,10.0,10.0,0.0,0.0,0.0,0.0,1.0,0.1,0.0,true
com.puppycrawl.tools.checkstyle.gui.MainFrameModelTest:getNonCompilablePath,1,1,3.0,3.0,3.0,0.0,0.0,0.0,3.0,3.0,3.0,0.0,0.0,0.0,0.0,1.0,0.3333333333333333,0.0,true
com.puppycrawl.tools.checkstyle.grammars.java8.MethodReferencesTest:testFromHibernate,1,1,5.0,5.0,5.0,0.0,0.0,0.0,5.0,5.0,5.0,0.0,0.0,0.0,0.0,1.0,0.2,0.0,true
com.puppycrawl.tools.checkstyle.checks.metrics.AbstractClassCouplingCheck:visitToken,1,1,34.0,34.0,34.0,0.0,0.0,0.0,34.0,34.0,34.0,0.0,0.0,0.0,0.0,1.0,0.029411764705882353,0.0,true
com.puppycrawl.tools.checkstyle.checks.coding.ReturnCountCheckTest:testDefault,1,1,2.0,2.0,2.0,0.0,0.0,0.0,2.0,2.0,2.0,0.0,0.0,0.0,0.0,1.0,0.5,0.0,true
com.puppycrawl.tools.checkstyle.grammars.javadoc.JavadocParseTreeTest:fewWhiteSpacesAsSeparator,2,1,0.0,0.0,0.0,5.0,5.0,2.5,-5.0,-5.0,-2.5,0.0,0.0,0.0,0.0,1.0,0.0,0.0,true
com.puppycrawl.tools.checkstyle.checks.indentation.IndentationCheckTest:verify,2,1,7.0,6.0,3.5,0.0,0.0,0.0,7.0,6.0,3.5,0.0,0.0,0.0,0.0,1.0,0.14285714285714285,0.0,true
com.puppycrawl.tools.checkstyle.PackageObjectFactoryTest:testGenerateThirdPartyNameToFullModuleNameWithException,1,1,10.0,10.0,10.0,0.0,0.0,0.0,10.0,10.0,10.0,0.0,0.0,0.0,0.0,1.0,0.1,0.0,true
com.puppycrawl.tools.checkstyle.checks.annotation.AnnotationLocationCheckTest:testWithMultipleAnnotations,1,1,2.0,2.0,2.0,0.0,0.0,0.0,2.0,2.0,2.0,0.0,0.0,0.0,0.0,1.0,0.5,0.0,true
com.puppycrawl.tools.checkstyle.ant.CheckstyleAntTask:destroyRootModule,1,1,14.0,14.0,14.0,1.0,1.0,1.0,13.0,13.0,13.0,0.0,0.0,0.0,0.0,1.0,0.07142857142857142,0.13333333333333333,true
com.puppycrawl.tools.checkstyle.internal.TestUtils:parseFile,1,1,19.0,19.0,19.0,0.0,0.0,0.0,19.0,19.0,19.0,0.0,2.0,0.0,0.0,1.0,0.05263157894736842,0.0,true
com.puppycrawl.tools.checkstyle.filters.SuppressWithNearbyCommentFilterTest:testInvalidInfluenceFormat,2,2,2.0,2.0,1.0,0.0,0.0,0.0,2.0,2.0,1.0,0.0,0.0,0.0,0.0,0.5,0.5,0.0,true
com.puppycrawl.tools.checkstyle.checks.AvoidEscapedUnicodeCharactersCheckTest:testAllowEscapesForControlCharacterSetForAllCharacters,1,1,3.0,3.0,3.0,0.0,0.0,0.0,3.0,3.0,3.0,0.0,0.0,0.0,0.0,1.0,0.3333333333333333,0.0,true
com.puppycrawl.tools.checkstyle.checks.whitespace.whitespacearound.InputWhitespaceAroundArrayInitialization:arrayInitTest,1,1,12.0,12.0,12.0,0.0,0.0,0.0,12.0,12.0,12.0,0.0,0.0,0.0,0.0,1.0,0.08333333333333333,0.0,true
com.google.checkstyle.test.chapter4formatting.rule411bracesareused.NeedBracesTest:testNeedBraces,1,1,9.0,9.0,9.0,0.0,0.0,0.0,9.0,9.0,9.0,0.0,0.0,-5.0,-5.0,1.0,0.1111111111111111,0.0,true
com.puppycrawl.tools.checkstyle.checks.indentation.indentation.InputIndentationInvalidForIndent:InputIndentationInvalidForIndent,1,1,3.0,3.0,3.0,0.0,0.0,0.0,3.0,3.0,3.0,0.0,0.0,0.0,0.0,1.0,0.3333333333333333,0.0,true
com.puppycrawl.tools.checkstyle.checks.metrics.NPathComplexityCheck:countCaseTokens,1,1,66.0,66.0,66.0,8.0,8.0,8.0,58.0,58.0,58.0,0.0,0.0,0.0,0.0,1.0,0.015151515151515152,0.02702702702702703,true
com.puppycrawl.tools.checkstyle.checks.blocks.RightCurlyCheck:validate,5,5,72.0,33.0,14.4,66.0,34.0,13.2,6.0,-1.0,1.200000000000001,0.0,3.0,1.0,1.0,0.2,0.027777777777777776,0.028985507246376812,true
com.puppycrawl.tools.checkstyle.checks.design.FinalClassCheckTest:testGetRequiredTokens,1,1,0.0,0.0,0.0,0.0,0.0,0.0,0.0,0.0,0.0,0.0,0.0,0.0,0.0,1.0,0.0,0.0,true
com.puppycrawl.tools.checkstyle.grammars.java8.InputLambda4:doSomething,1,1,0.0,0.0,0.0,0.0,0.0,0.0,0.0,0.0,0.0,0.0,0.0,0.0,0.0,1.0,0.0,0.0,true
com.puppycrawl.tools.checkstyle.checks.metrics.AbstractClassCouplingCheck:visitPackageDef,1,1,34.0,34.0,34.0,0.0,0.0,0.0,34.0,34.0,34.0,0.0,0.0,0.0,0.0,1.0,0.029411764705882353,0.0,true
com.puppycrawl.tools.checkstyle.api.DetailASTTest:checkFile,1,1,13.0,13.0,13.0,4.0,4.0,4.0,9.0,9.0,9.0,0.0,0.0,0.0,0.0,1.0,0.07692307692307693,0.11764705882352941,true
com.puppycrawl.tools.checkstyle.checks.naming.AbstractClassNameCheck:isMatchingClassName,2,2,0.0,0.0,0.0,1.0,1.0,0.5,-1.0,-1.0,-0.5,0.0,0.0,0.0,0.0,0.5,0.0,0.0,true
com.puppycrawl.tools.checkstyle.utils.JavadocUtilsTest:testGetJavadocCommentContent,1,1,4.0,4.0,4.0,0.0,0.0,0.0,4.0,4.0,4.0,0.0,0.0,0.0,0.0,1.0,0.25,0.0,true
com.puppycrawl.tools.checkstyle.checks.indentation.indentation.InputIndentationInvalidThrowsIndent2:InputIndentationInvalidThrowsIndent2,1,1,2.0,2.0,2.0,0.0,0.0,0.0,2.0,2.0,2.0,0.0,0.0,0.0,0.0,1.0,0.5,0.0,true
com.puppycrawl.tools.checkstyle.checks.indentation.IndentationCheckTest:testValidArrayInitDefaultIndentWithChecker,1,1,1.0,1.0,1.0,0.0,0.0,0.0,1.0,1.0,1.0,0.0,0.0,0.0,0.0,1.0,1.0,0.0,true
com.puppycrawl.tools.checkstyle.checks.coding.RequireThisCheck:getFieldWithoutThis,2,2,90.0,58.0,45.0,27.0,27.0,13.5,63.0,31.0,31.5,0.0,2.0,0.0,0.0,0.5,0.011111111111111112,0.017094017094017096,true
com.puppycrawl.tools.checkstyle.gui.TreeTableModelAdapter:TreeTableModelAdapter,1,1,0.0,0.0,0.0,0.0,0.0,0.0,0.0,0.0,0.0,0.0,0.0,0.0,0.0,1.0,0.0,0.0,true
com.puppycrawl.tools.checkstyle.checks.coding.EqualsAvoidNullCheck:containsAllSafeTokens,1,1,1.0,1.0,1.0,0.0,0.0,0.0,1.0,1.0,1.0,0.0,0.0,0.0,0.0,1.0,1.0,0.0,false
com.puppycrawl.tools.checkstyle.checks.naming.AbstractClassNameCheck:visitClassDef,1,1,0.0,0.0,0.0,1.0,1.0,1.0,-1.0,-1.0,-1.0,0.0,0.0,0.0,0.0,1.0,0.0,0.0,true
com.puppycrawl.tools.checkstyle.checks.coding.equalshashcode.InputEqualsHashCode:equals,1,1,3.0,3.0,3.0,0.0,0.0,0.0,3.0,3.0,3.0,0.0,0.0,0.0,0.0,1.0,0.3333333333333333,0.0,true
com.puppycrawl.tools.checkstyle.checks.design.hideutilityclassconstructor.InputHideUtilityClassConstructorInnerStaticClasses:foo,1,1,3.0,3.0,3.0,0.0,0.0,0.0,3.0,3.0,3.0,0.0,0.0,0.0,0.0,1.0,0.3333333333333333,0.0,true
com.puppycrawl.tools.checkstyle.utils.CheckUtilsTest:testIsGetterMethod,1,1,21.0,21.0,21.0,0.0,0.0,0.0,21.0,21.0,21.0,0.0,0.0,0.0,0.0,1.0,0.047619047619047616,0.0,true
com.puppycrawl.tools.checkstyle.ant.CheckstyleAntTask:scanPaths,1,1,49.0,49.0,49.0,4.0,4.0,4.0,45.0,45.0,45.0,0.0,1.0,0.0,0.0,1.0,0.02040816326530612,0.03773584905660377,true
com.puppycrawl.tools.checkstyle.internal.CheckUtil:getCheckstyleChecks,2,2,11.0,10.0,5.5,23.0,20.0,11.5,-12.0,-10.0,-6.0,0.0,1.0,0.0,0.0,0.5,0.09090909090909091,0.058823529411764705,true
com.puppycrawl.tools.checkstyle.checks.TranslationCheckTest:testRegexpToMatchPartOfBaseName,1,1,0.0,0.0,0.0,0.0,0.0,0.0,0.0,0.0,0.0,0.0,0.0,0.0,0.0,1.0,0.0,0.0,true
com.puppycrawl.tools.checkstyle.checks.whitespace.whitespaceafter.InputWhitespaceAfterLiteralDo:testDo,1,1,8.0,8.0,8.0,0.0,0.0,0.0,8.0,8.0,8.0,0.0,0.0,0.0,0.0,1.0,0.125,0.0,true
com.puppycrawl.tools.checkstyle.checks.coding.OneStatementPerLineCheckTest:testWithMultilineStatements,1,1,0.0,0.0,0.0,0.0,0.0,0.0,0.0,0.0,0.0,0.0,0.0,0.0,0.0,1.0,0.0,0.0,true
com.puppycrawl.tools.checkstyle.checks.AbstractDeclarationCollector:collectDeclarations,1,1,1.0,1.0,1.0,1.0,1.0,1.0,0.0,0.0,0.0,0.0,0.0,0.0,0.0,1.0,1.0,1.0,true
com.puppycrawl.tools.checkstyle.internal.XdocsPagesTest:validatePropertySectionPropertyTokens,1,1,18.0,18.0,18.0,1.0,1.0,1.0,17.0,17.0,17.0,0.0,4.0,1.0,1.0,1.0,0.05555555555555555,0.10526315789473684,true
com.puppycrawl.tools.checkstyle.checks.design.MutableExceptionCheckTest:testGetRequiredTokens,1,1,0.0,0.0,0.0,0.0,0.0,0.0,0.0,0.0,0.0,0.0,0.0,0.0,0.0,1.0,0.0,0.0,true
com.puppycrawl.tools.checkstyle.checks.indentation.IndentationCheckTest:testSeparatedLineWithJustSpaces,1,1,1.0,1.0,1.0,0.0,0.0,0.0,1.0,1.0,1.0,0.0,0.0,0.0,0.0,1.0,1.0,0.0,true
com.puppycrawl.tools.checkstyle.TreeWalkerTest:testForInvalidCheckImplementation,1,1,0.0,0.0,0.0,0.0,0.0,0.0,0.0,0.0,0.0,0.0,0.0,0.0,0.0,1.0,0.0,0.0,true
com.puppycrawl.tools.checkstyle.TreeWalkerTest:testProcessWithRecognitionException,2,2,1.0,1.0,0.5,0.0,0.0,0.0,1.0,1.0,0.5,0.0,0.0,0.0,0.0,0.5,1.0,0.0,true
com.google.checkstyle.test.base.BaseCheckTestSupport:getCheckMessage,1,1,6.0,6.0,6.0,0.0,0.0,0.0,6.0,6.0,6.0,0.0,0.0,0.0,0.0,1.0,0.16666666666666666,0.0,true
com.puppycrawl.tools.checkstyle.checks.blocks.RightCurlyCheckTest:testRightCurlyIsAloneOrSinglelineLambda,1,1,6.0,6.0,6.0,0.0,0.0,0.0,6.0,6.0,6.0,0.0,0.0,0.0,0.0,1.0,0.16666666666666666,0.0,true
com.puppycrawl.tools.checkstyle.PackageObjectFactory:fillChecksFromIndentationPackage,1,1,5.0,5.0,5.0,0.0,0.0,0.0,5.0,5.0,5.0,0.0,0.0,0.0,0.0,1.0,0.2,0.0,true
com.puppycrawl.tools.checkstyle.checks.coding.PackageDeclarationCheckTest:testFileForDirectoryMismatchAtParent,2,2,6.0,6.0,3.0,0.0,0.0,0.0,6.0,6.0,3.0,0.0,0.0,0.0,0.0,0.5,0.16666666666666666,0.0,true
com.puppycrawl.tools.checkstyle.checks.design.ThrowsCountCheck:isOverriding,1,1,1.0,1.0,1.0,0.0,0.0,0.0,1.0,1.0,1.0,0.0,0.0,0.0,0.0,1.0,1.0,0.0,true
com.puppycrawl.tools.checkstyle.checks.imports.ImportControlCheck:getExternalResourceLocations,1,1,1.0,1.0,1.0,0.0,0.0,0.0,1.0,1.0,1.0,0.0,0.0,0.0,0.0,1.0,1.0,0.0,true
com.puppycrawl.tools.checkstyle.PackageObjectFactoryTest:testCtorException2,2,2,11.0,9.0,5.5,0.0,0.0,0.0,11.0,9.0,5.5,0.0,0.0,0.0,0.0,0.5,0.09090909090909091,0.0,true
com.puppycrawl.tools.checkstyle.checks.whitespace.whitespaceafter.InputWhitespaceAfterLiteralDo:testIfElse,1,1,8.0,8.0,8.0,0.0,0.0,0.0,8.0,8.0,8.0,0.0,0.0,0.0,0.0,1.0,0.125,0.0,true
com.puppycrawl.tools.checkstyle.DetailNodeTreeStringPrinter:printTree,1,1,0.0,0.0,0.0,0.0,0.0,0.0,0.0,0.0,0.0,0.0,0.0,0.0,0.0,1.0,0.0,0.0,true
com.puppycrawl.tools.checkstyle.checks.blocks.NeedBracesCheck:isSingleLineIf,1,1,1.0,1.0,1.0,1.0,1.0,1.0,0.0,0.0,0.0,0.0,0.0,0.0,0.0,1.0,1.0,1.0,true
com.puppycrawl.tools.checkstyle.checks.imports.ImportControl:addImportRule,3,2,5.0,4.0,1.6666666666666667,0.0,0.0,0.0,5.0,4.0,1.6666666666666667,0.0,0.0,0.0,0.0,0.6666666666666666,0.2,0.0,true
com.puppycrawl.tools.checkstyle.checks.blocks.NeedBracesCheckTest:testEmptySingleLineDefaultStmt,1,1,7.0,7.0,7.0,0.0,0.0,0.0,7.0,7.0,7.0,0.0,0.0,0.0,0.0,1.0,0.14285714285714285,0.0,true
com.puppycrawl.tools.checkstyle.checks.naming.parametername.InputAccessModifier:i,1,1,2.0,2.0,2.0,0.0,0.0,0.0,2.0,2.0,2.0,0.0,0.0,0.0,0.0,1.0,0.5,0.0,true
com.google.checkstyle.test.chapter3filestructure.rule333orderingandspacing.CustomImportOrderTest:testValid,1,1,7.0,7.0,7.0,0.0,0.0,0.0,7.0,7.0,7.0,0.0,0.0,0.0,0.0,1.0,0.14285714285714285,0.0,true
com.puppycrawl.tools.checkstyle.checks.naming.localfinalvariablename.InputLocalFinalVariableNameTryResources:method,1,1,7.0,7.0,7.0,0.0,0.0,0.0,7.0,7.0,7.0,0.0,0.0,0.0,0.0,1.0,0.14285714285714285,0.0,true
com.puppycrawl.tools.checkstyle.checks.indentation.IndentationCheckTest:testValidAssignWithChecker,1,1,1.0,1.0,1.0,0.0,0.0,0.0,1.0,1.0,1.0,0.0,0.0,0.0,0.0,1.0,1.0,0.0,true
com.puppycrawl.tools.checkstyle.checks.metrics.ClassDataAbstractionCouplingCheckTest:testEmptyRegularExpression,1,1,8.0,8.0,8.0,0.0,0.0,0.0,8.0,8.0,8.0,0.0,0.0,0.0,0.0,1.0,0.125,0.0,true
com.google.checkstyle.test.chapter5naming.rule525nonconstantfieldnames.MemberNameTest:testMemberName,1,1,6.0,6.0,6.0,0.0,0.0,0.0,6.0,6.0,6.0,0.0,0.0,0.0,0.0,1.0,0.16666666666666666,0.0,true
com.puppycrawl.tools.checkstyle.checks.indentation.commentsindentation.InputCommentsIndentationCommentIsAtTheEndOfBlock:foo29,1,1,0.0,0.0,0.0,0.0,0.0,0.0,0.0,0.0,0.0,0.0,0.0,0.0,0.0,1.0,0.0,0.0,true
com.puppycrawl.tools.checkstyle.checks.coding.PackageDeclarationCheckTest:getNonCompilablePath,1,1,0.0,0.0,0.0,0.0,0.0,0.0,0.0,0.0,0.0,0.0,0.0,0.0,0.0,1.0,0.0,0.0,true
com.puppycrawl.tools.checkstyle.checks.indentation.commentsindentation.InputCommentsIndentationCommentIsAtTheEndOfBlock:foo28,1,1,0.0,0.0,0.0,0.0,0.0,0.0,0.0,0.0,0.0,0.0,0.0,0.0,0.0,1.0,0.0,0.0,true
com.puppycrawl.tools.checkstyle.checks.indentation.commentsindentation.InputCommentsIndentationCommentIsAtTheEndOfBlock:foo26,1,1,0.0,0.0,0.0,0.0,0.0,0.0,0.0,0.0,0.0,0.0,0.0,0.0,0.0,1.0,0.0,0.0,true
com.puppycrawl.tools.checkstyle.checks.annotation.AnnotationLocationCheckTest:getPath,1,1,2.0,2.0,2.0,0.0,0.0,0.0,2.0,2.0,2.0,0.0,0.0,0.0,0.0,1.0,0.5,0.0,true
com.puppycrawl.tools.checkstyle.checks.indentation.commentsindentation.InputCommentsIndentationCommentIsAtTheEndOfBlock:foo25,1,1,0.0,0.0,0.0,0.0,0.0,0.0,0.0,0.0,0.0,0.0,0.0,0.0,0.0,1.0,0.0,0.0,true
com.puppycrawl.tools.checkstyle.checks.blocks.NeedBracesCheck:visitToken,1,1,44.0,44.0,44.0,9.0,9.0,9.0,35.0,35.0,35.0,0.0,1.0,-1.0,-1.0,1.0,0.022727272727272728,0.03773584905660377,true
com.puppycrawl.tools.checkstyle.checks.indentation.commentsindentation.InputCommentsIndentationCommentIsAtTheEndOfBlock:foo22,1,1,0.0,0.0,0.0,0.0,0.0,0.0,0.0,0.0,0.0,0.0,0.0,0.0,0.0,1.0,0.0,0.0,true
com.puppycrawl.tools.checkstyle.checks.indentation.commentsindentation.InputCommentsIndentationCommentIsAtTheEndOfBlock:foo21,1,1,0.0,0.0,0.0,0.0,0.0,0.0,0.0,0.0,0.0,0.0,0.0,0.0,0.0,1.0,0.0,0.0,true
com.puppycrawl.tools.checkstyle.checks.coding.fallthrough.InputFallThrough:ifWithoutBreak,1,1,9.0,9.0,9.0,0.0,0.0,0.0,9.0,9.0,9.0,0.0,0.0,0.0,0.0,1.0,0.1111111111111111,0.0,true
com.puppycrawl.tools.checkstyle.BaseCheckTestSupport:getActualViolations,1,1,0.0,0.0,0.0,0.0,0.0,0.0,0.0,0.0,0.0,0.0,0.0,0.0,0.0,1.0,0.0,0.0,true
com.puppycrawl.tools.checkstyle.checks.javadoc.JavadocTagContinuationIndentationCheck:getRequiredJavadocTokens,1,1,3.0,3.0,3.0,0.0,0.0,0.0,3.0,3.0,3.0,0.0,0.0,0.0,0.0,1.0,0.3333333333333333,0.0,true
com.puppycrawl.tools.checkstyle.JavadocDetailNodeParser:convertParseTreeToDetailNode,1,1,9.0,9.0,9.0,0.0,0.0,0.0,9.0,9.0,9.0,0.0,1.0,0.0,0.0,1.0,0.1111111111111111,0.0,true
com.puppycrawl.tools.checkstyle.checks.coding.PackageDeclarationCheck:visitToken,1,1,19.0,19.0,19.0,0.0,0.0,0.0,19.0,19.0,19.0,0.0,2.0,0.0,0.0,1.0,0.05263157894736842,0.0,true
com.puppycrawl.tools.checkstyle.utils.ModuleReflectionUtilsTest:testIsCheckstyleCheck,2,2,10.0,7.0,5.0,2.0,2.0,1.0,8.0,5.0,4.0,0.0,0.0,0.0,0.0,0.5,0.1,0.16666666666666666,true
com.puppycrawl.tools.checkstyle.internal.XdocUtil:XdocUtil,1,1,2.0,2.0,2.0,0.0,0.0,0.0,2.0,2.0,2.0,0.0,0.0,0.0,0.0,1.0,0.5,0.0,true
com.puppycrawl.tools.checkstyle.ant.CheckstyleAntTask:setExecuteIgnoredModules,1,1,0.0,0.0,0.0,0.0,0.0,0.0,0.0,0.0,0.0,0.0,0.0,0.0,0.0,1.0,0.0,0.0,true
com.puppycrawl.tools.checkstyle.utils.checkutils.InputCheckUtilsTest:setArray,1,1,9.0,9.0,9.0,0.0,0.0,0.0,9.0,9.0,9.0,0.0,1.0,-1.0,-1.0,1.0,0.1111111111111111,0.0,true
com.puppycrawl.tools.checkstyle.checks.AvoidEscapedUnicodeCharactersCheckTest:isControlCharacter,1,1,3.0,3.0,3.0,0.0,0.0,0.0,3.0,3.0,3.0,0.0,0.0,0.0,0.0,1.0,0.3333333333333333,0.0,true
com.puppycrawl.tools.checkstyle.checks.coding.fallthrough.InputFallThrough:noCommentAtTheEnd,1,1,9.0,9.0,9.0,0.0,0.0,0.0,9.0,9.0,9.0,0.0,0.0,0.0,0.0,1.0,0.1111111111111111,0.0,true
com.puppycrawl.tools.checkstyle.checks.imports.CustomImportOrderCheckTest:testNoPackage2,1,1,9.0,9.0,9.0,0.0,0.0,0.0,9.0,9.0,9.0,0.0,0.0,0.0,0.0,1.0,0.1111111111111111,0.0,true
com.puppycrawl.tools.checkstyle.checks.imports.ImportControlCheckTest:testRegExpInPackage,1,1,3.0,3.0,3.0,0.0,0.0,0.0,3.0,3.0,3.0,0.0,0.0,0.0,0.0,1.0,0.3333333333333333,0.0,true
com.puppycrawl.tools.checkstyle.checks.javadoc.JavadocMethodCheck:setScope,1,1,2.0,2.0,2.0,0.0,0.0,0.0,2.0,2.0,2.0,0.0,0.0,0.0,0.0,1.0,0.5,0.0,true
com.puppycrawl.tools.checkstyle.grammars.javadoc.JavadocParseTreeTest:since,2,1,0.0,0.0,0.0,5.0,5.0,2.5,-5.0,-5.0,-2.5,0.0,0.0,0.0,0.0,1.0,0.0,0.0,true
com.puppycrawl.tools.checkstyle.checks.annotation.SuppressWarningsCheck:logMatch,1,1,1.0,1.0,1.0,1.0,1.0,1.0,0.0,0.0,0.0,0.0,0.0,0.0,0.0,1.0,1.0,1.0,true
com.puppycrawl.tools.checkstyle.checks.coding.finallocalvariable.InputFinalLocalVariableMultipleAndNestedConditions:method2,1,1,3.0,3.0,3.0,0.0,0.0,0.0,3.0,3.0,3.0,0.0,0.0,0.0,0.0,1.0,0.3333333333333333,0.0,true
com.puppycrawl.tools.checkstyle.checks.coding.RequireThisCheck:beginTree,1,1,6.0,6.0,6.0,0.0,0.0,0.0,6.0,6.0,6.0,0.0,0.0,0.0,0.0,1.0,0.16666666666666666,0.0,true
com.puppycrawl.tools.checkstyle.checks.coding.fallthrough.InputFallThrough:methodFallThruCOtherWords,1,1,9.0,9.0,9.0,0.0,0.0,0.0,9.0,9.0,9.0,0.0,0.0,0.0,0.0,1.0,0.1111111111111111,0.0,true
com.puppycrawl.tools.checkstyle.checks.indentation.indentation.InputIndentationInvalidAnonymousClassIndent:InputIndentationInvalidAnonymousClassIndent,1,1,14.0,14.0,14.0,0.0,0.0,0.0,14.0,14.0,14.0,0.0,1.0,-1.0,-1.0,1.0,0.07142857142857142,0.0,true
com.puppycrawl.tools.checkstyle.checks.javadoc.SingleLineJavadocCheckTest:testGetRequiredTokens,1,1,0.0,0.0,0.0,0.0,0.0,0.0,0.0,0.0,0.0,0.0,0.0,0.0,0.0,1.0,0.0,0.0,true
com.puppycrawl.tools.checkstyle.checks.indentation.IndentationCheckTest:testValidTryWithChecker,1,1,1.0,1.0,1.0,0.0,0.0,0.0,1.0,1.0,1.0,0.0,0.0,0.0,0.0,1.0,1.0,0.0,true
com.puppycrawl.tools.checkstyle.checks.InputPackageDiffDirectoryAtParent:get,1,1,2.0,2.0,2.0,0.0,0.0,0.0,2.0,2.0,2.0,0.0,0.0,0.0,0.0,1.0,0.5,0.0,true
com.puppycrawl.tools.checkstyle.checks.javadoc.JavadocMethodCheckTest:testJava8ReceiverParameter,1,1,4.0,4.0,4.0,0.0,0.0,0.0,4.0,4.0,4.0,0.0,0.0,0.0,0.0,1.0,0.25,0.0,true
com.puppycrawl.tools.checkstyle.checks.whitespace.SingleSpaceSeparatorCheck:isFirstInLine,1,1,0.0,0.0,0.0,0.0,0.0,0.0,0.0,0.0,0.0,0.0,0.0,0.0,0.0,1.0,0.0,0.0,true
com.puppycrawl.tools.checkstyle.checks.coding.IllegalInstantiationCheck:checkImportStatements,2,2,0.0,0.0,0.0,0.0,0.0,0.0,0.0,0.0,0.0,0.0,0.0,0.0,0.0,0.5,0.0,0.0,true
com.puppycrawl.tools.checkstyle.checks.coding.finallocalvariable.InputFinalLocalVariableMultipleAndNestedConditions:getValue,1,1,3.0,3.0,3.0,0.0,0.0,0.0,3.0,3.0,3.0,0.0,0.0,0.0,0.0,1.0,0.3333333333333333,0.0,true
com.puppycrawl.tools.checkstyle.checks.TranslationCheck:getTranslationKeys,1,1,1.0,1.0,1.0,0.0,0.0,0.0,1.0,1.0,1.0,0.0,0.0,0.0,0.0,1.0,1.0,0.0,true
com.puppycrawl.tools.checkstyle.api.DetailASTTest:checkNode,1,1,13.0,13.0,13.0,4.0,4.0,4.0,9.0,9.0,9.0,0.0,0.0,0.0,0.0,1.0,0.07692307692307693,0.11764705882352941,true
com.puppycrawl.tools.checkstyle.utils.JavadocUtils:containsInBranch,1,1,9.0,9.0,9.0,8.0,8.0,8.0,1.0,1.0,1.0,0.0,1.0,0.0,0.0,1.0,0.1111111111111111,0.11764705882352941,true
com.puppycrawl.tools.checkstyle.gui.MainFrameModel:getTitle,1,1,0.0,0.0,0.0,0.0,0.0,0.0,0.0,0.0,0.0,0.0,0.0,0.0,0.0,1.0,0.0,0.0,true
com.puppycrawl.tools.checkstyle.DefaultLogger:DefaultLogger,1,1,0.0,0.0,0.0,0.0,0.0,0.0,0.0,0.0,0.0,0.0,0.0,0.0,0.0,1.0,0.0,0.0,true
com.puppycrawl.tools.checkstyle.checks.imports.AbstractImportRule:verifyImport,1,1,13.0,13.0,13.0,0.0,0.0,0.0,13.0,13.0,13.0,0.0,2.0,-1.0,-1.0,1.0,0.07692307692307693,0.0,true
com.puppycrawl.tools.checkstyle.checks.modifier.redundantmodifier.InputRedundantModifierFinalInAbstractMethods:method2,1,1,1.0,1.0,1.0,0.0,0.0,0.0,1.0,1.0,1.0,0.0,0.0,0.0,0.0,1.0,1.0,0.0,true
com.puppycrawl.tools.checkstyle.checks.modifier.redundantmodifier.InputRedundantModifierFinalInAbstractMethods:method3,1,1,1.0,1.0,1.0,0.0,0.0,0.0,1.0,1.0,1.0,0.0,0.0,0.0,0.0,1.0,1.0,0.0,true
com.puppycrawl.tools.checkstyle.checks.indentation.IndentationCheckTest:testMultipleAnnotationsWithWrappedLines,2,2,10.0,9.0,5.0,0.0,0.0,0.0,10.0,9.0,5.0,0.0,0.0,0.0,0.0,0.5,0.1,0.0,true
com.puppycrawl.tools.checkstyle.checks.coding.noclone.InputNoClone:InputNoClone,1,1,4.0,4.0,4.0,0.0,0.0,0.0,4.0,4.0,4.0,0.0,0.0,0.0,0.0,1.0,0.25,0.0,true
com.puppycrawl.tools.checkstyle.CheckerTest:testNoClassLoaderNoModuleFactory,1,1,0.0,0.0,0.0,0.0,0.0,0.0,0.0,0.0,0.0,0.0,0.0,0.0,0.0,1.0,0.0,0.0,true
com.puppycrawl.tools.checkstyle.utils.CommonUtilsTest:testIsBlankBehindWhitespace,1,1,3.0,3.0,3.0,0.0,0.0,0.0,3.0,3.0,3.0,0.0,0.0,0.0,0.0,1.0,0.3333333333333333,0.0,true
com.google.checkstyle.test.chapter4formatting.rule413emptyblocks.EmptyCatchBlockTest:testEmptyBlockCatch,2,2,7.0,7.0,3.5,0.0,0.0,0.0,7.0,7.0,3.5,0.0,0.0,0.0,0.0,0.5,0.14285714285714285,0.0,true
com.puppycrawl.tools.checkstyle.checks.indentation.indentation.InputIndentationInvalidArrayInitIndent:InputIndentationInvalidArrayInitIndent,1,1,4.0,4.0,4.0,0.0,0.0,0.0,4.0,4.0,4.0,0.0,0.0,0.0,0.0,1.0,0.25,0.0,true
com.google.checkstyle.test.chapter7javadoc.rule713atclauses.NonEmptyAtclauseDescriptionTest:getLineNumbersFromExpected,1,1,1.0,1.0,1.0,0.0,0.0,0.0,1.0,1.0,1.0,0.0,0.0,0.0,0.0,1.0,1.0,0.0,true
com.puppycrawl.tools.checkstyle.internal.XdocsPagesTest:buildAndValidateXml,2,2,0.0,0.0,0.0,0.0,0.0,0.0,0.0,0.0,0.0,0.0,0.0,0.0,0.0,0.5,0.0,0.0,true
com.puppycrawl.tools.checkstyle.filters.BeforeExecutionFileFilterSetTest:testAccept,2,1,10.0,8.0,5.0,0.0,0.0,0.0,10.0,8.0,5.0,0.0,0.0,0.0,0.0,1.0,0.1,0.0,true
com.puppycrawl.tools.checkstyle.checks.imports.CustomImportOrderCheckTest:getNonCompilablePath,1,1,1.0,1.0,1.0,0.0,0.0,0.0,1.0,1.0,1.0,0.0,0.0,0.0,0.0,1.0,1.0,0.0,true
com.google.checkstyle.test.chapter4formatting.rule4841indentation.IndentationTest:testCorrectIf,1,1,7.0,7.0,7.0,0.0,0.0,0.0,7.0,7.0,7.0,0.0,0.0,0.0,0.0,1.0,0.14285714285714285,0.0,true
com.puppycrawl.tools.checkstyle.checks.coding.requirethis.InputRequireThisValidateOnlyOverlappingTrue:InputRequireThisValidateOnlyOverlappingTrue,1,1,10.0,10.0,10.0,0.0,0.0,0.0,10.0,10.0,10.0,0.0,1.0,0.0,0.0,1.0,0.1,0.0,true
com.puppycrawl.tools.checkstyle.BaseCheckTestSupport:getNonCompilablePath,1,1,0.0,0.0,0.0,0.0,0.0,0.0,0.0,0.0,0.0,0.0,0.0,0.0,0.0,1.0,0.0,0.0,true
com.puppycrawl.tools.checkstyle.checks.imports.ImportOrderCheck:getImportContainer,1,1,5.0,5.0,5.0,0.0,0.0,0.0,5.0,5.0,5.0,0.0,0.0,0.0,0.0,1.0,0.2,0.0,true
com.puppycrawl.tools.checkstyle.PackageObjectFactory:createObjectFromFullModuleNames,1,1,33.0,33.0,33.0,0.0,0.0,0.0,33.0,33.0,33.0,0.0,0.0,0.0,0.0,1.0,0.030303030303030304,0.0,true
com.puppycrawl.tools.checkstyle.checks.imports.ImportOrderCheckTest:testImportGroupsRedundantSeparatedInternally,1,1,9.0,9.0,9.0,0.0,0.0,0.0,9.0,9.0,9.0,0.0,0.0,0.0,0.0,1.0,0.1111111111111111,0.0,true
com.puppycrawl.tools.checkstyle.checks.blocks.needbraces.InputNeedBracesEmptyDefault:main1,1,1,5.0,5.0,5.0,0.0,0.0,0.0,5.0,5.0,5.0,0.0,0.0,0.0,0.0,1.0,0.2,0.0,true
com.puppycrawl.tools.checkstyle.api.FileContentsTest:testSinglelineCommentIntersect,2,2,8.0,5.0,4.0,0.0,0.0,0.0,8.0,5.0,4.0,0.0,0.0,0.0,0.0,0.5,0.125,0.0,true
com.puppycrawl.tools.checkstyle.filefilters.ExclusionBeforeExecutionFileFilterTest:testReject,2,2,8.0,7.0,4.0,0.0,0.0,0.0,8.0,7.0,4.0,0.0,1.0,0.0,0.0,0.5,0.125,0.0,true
com.puppycrawl.tools.checkstyle.api.AbstractViolationReporterTest:testCustomMessageWithParameters,1,1,1.0,1.0,1.0,0.0,0.0,0.0,1.0,1.0,1.0,0.0,0.0,0.0,0.0,1.0,1.0,0.0,true
com.puppycrawl.tools.checkstyle.checks.whitespace.SingleSpaceSeparatorCheck:getAcceptableTokens,1,1,3.0,3.0,3.0,0.0,0.0,0.0,3.0,3.0,3.0,0.0,0.0,0.0,0.0,1.0,0.3333333333333333,0.0,true
com.puppycrawl.tools.checkstyle.filters.SuppressionsLoaderTest:testLoadFromClasspath,1,1,1.0,1.0,1.0,0.0,0.0,0.0,1.0,1.0,1.0,0.0,0.0,0.0,0.0,1.0,1.0,0.0,true
com.puppycrawl.tools.checkstyle.checks.design.OneTopLevelClassCheckTest:testFileWithFewTopLevelClasses,1,1,0.0,0.0,0.0,0.0,0.0,0.0,0.0,0.0,0.0,0.0,0.0,0.0,0.0,1.0,0.0,0.0,true
com.puppycrawl.tools.checkstyle.checks.coding.DefaultComesLastCheckTest:testSkipIfLastAndSharedWithCase,1,1,6.0,6.0,6.0,0.0,0.0,0.0,6.0,6.0,6.0,0.0,0.0,0.0,0.0,1.0,0.16666666666666666,0.0,true
com.puppycrawl.tools.checkstyle.checks.SuppressWarningsHolder:findAllExpressionsInChildren,1,1,1.0,1.0,1.0,0.0,0.0,0.0,1.0,1.0,1.0,0.0,0.0,0.0,0.0,1.0,1.0,0.0,true
com.puppycrawl.tools.checkstyle.internal.XdocsPagesTest:testAllChecksPresentOnAvailableChecksPage,3,2,40.0,34.0,13.333333333333334,10.0,6.0,3.3333333333333335,30.0,28.0,10.0,0.0,4.0,-1.0,-1.0,0.6666666666666666,0.025,0.04,true
com.puppycrawl.tools.checkstyle.checks.javadoc.AbstractJavadocCheckTest:getDefaultJavadocTokens,1,1,2.0,2.0,2.0,0.0,0.0,0.0,2.0,2.0,2.0,0.0,0.0,0.0,0.0,1.0,0.5,0.0,true
com.puppycrawl.tools.checkstyle.checks.annotation.AnnotationUseStyleCheck:getOption,1,1,0.0,0.0,0.0,0.0,0.0,0.0,0.0,0.0,0.0,0.0,0.0,0.0,0.0,1.0,0.0,0.0,true
com.puppycrawl.tools.checkstyle.grammars.java8.InputLambda8:testVoidLambda,1,1,0.0,0.0,0.0,0.0,0.0,0.0,0.0,0.0,0.0,0.0,0.0,0.0,0.0,1.0,0.0,0.0,true
com.puppycrawl.tools.checkstyle.checks.indentation.IndentationCheckTest:testCaseLevel,1,1,1.0,1.0,1.0,0.0,0.0,0.0,1.0,1.0,1.0,0.0,0.0,0.0,0.0,1.0,1.0,0.0,true
com.puppycrawl.tools.checkstyle.DetailNodeTreeStringPrinterTest:testCreationOfFakeCommentBlock,1,1,3.0,3.0,3.0,0.0,0.0,0.0,3.0,3.0,3.0,0.0,0.0,0.0,0.0,1.0,0.3333333333333333,0.0,true
com.puppycrawl.tools.checkstyle.MainTest:testPrintTreeJavadocOption,2,2,26.0,26.0,13.0,90.0,90.0,45.0,-64.0,-64.0,-32.0,0.0,0.0,0.0,0.0,0.5,0.038461538461538464,0.017241379310344827,true
com.puppycrawl.tools.checkstyle.checks.design.DesignForExtensionCheck:hasEmptyImplementation,4,2,8.0,5.0,2.0,8.0,5.0,2.0,0.0,0.0,0.0,0.0,2.0,0.0,0.0,0.75,0.25,0.25,true
com.puppycrawl.tools.checkstyle.checks.metrics.ClassDataAbstractionCouplingCheckTest:testExludedPackageDirectPackages,1,1,7.0,7.0,7.0,0.0,0.0,0.0,7.0,7.0,7.0,0.0,0.0,0.0,0.0,1.0,0.14285714285714285,0.0,true
com.puppycrawl.tools.checkstyle.checks.naming.parametername.InputAccessModifier:InputScope,1,1,2.0,2.0,2.0,0.0,0.0,0.0,2.0,2.0,2.0,0.0,0.0,0.0,0.0,1.0,0.5,0.0,true
com.puppycrawl.tools.checkstyle.grammars.javadoc.JavadocParseTreeTest:testAttributeValueWithoutQuotes,2,1,3.0,3.0,1.5,0.0,0.0,0.0,3.0,3.0,1.5,0.0,0.0,0.0,0.0,1.0,0.3333333333333333,0.0,true
com.puppycrawl.tools.checkstyle.DetailNodeTreeStringPrinter:createFakeBlockComment,1,1,1.0,1.0,1.0,0.0,0.0,0.0,1.0,1.0,1.0,0.0,0.0,0.0,0.0,1.0,1.0,0.0,true
com.puppycrawl.tools.checkstyle.gui.MainFrameModelTest:testShouldAcceptFile,1,1,3.0,3.0,3.0,0.0,0.0,0.0,3.0,3.0,3.0,0.0,0.0,0.0,0.0,1.0,0.3333333333333333,0.0,true
com.puppycrawl.tools.checkstyle.grammars.javadoc.JavadocParseTreeTest:testAsteriskInLiteral,2,1,3.0,3.0,1.5,0.0,0.0,0.0,3.0,3.0,1.5,0.0,0.0,0.0,0.0,1.0,0.3333333333333333,0.0,true
com.puppycrawl.tools.checkstyle.checks.javadoc.JavadocMethodCheck:checkThrowsTags,2,2,1.0,1.0,0.5,24.0,24.0,12.0,-23.0,-23.0,-11.5,0.0,1.0,0.0,0.0,0.5,1.0,0.08,true
com.puppycrawl.tools.checkstyle.checks.imports.UnusedImportsCheckTest:testProcessJavadocWithLinkTag,1,1,1.0,1.0,1.0,0.0,0.0,0.0,1.0,1.0,1.0,0.0,0.0,0.0,0.0,1.0,1.0,0.0,true
com.puppycrawl.tools.checkstyle.checks.coding.RequireThisCheckTest:testGenerics,1,1,0.0,0.0,0.0,0.0,0.0,0.0,0.0,0.0,0.0,0.0,0.0,0.0,0.0,1.0,0.0,0.0,true
com.puppycrawl.tools.checkstyle.CheckerTest:testRemoveListener,1,1,5.0,5.0,5.0,0.0,0.0,0.0,5.0,5.0,5.0,0.0,0.0,0.0,0.0,1.0,0.2,0.0,true
com.puppycrawl.tools.checkstyle.gui.ParseTreeTablePresentationTest:testChildInJavaAndJavadocMode,2,2,23.0,13.0,11.5,0.0,0.0,0.0,23.0,13.0,11.5,0.0,0.0,0.0,0.0,0.5,0.043478260869565216,0.0,true
com.puppycrawl.tools.checkstyle.checks.annotation.AnnotationLocationCheck:visitToken,1,1,0.0,0.0,0.0,0.0,0.0,0.0,0.0,0.0,0.0,0.0,0.0,0.0,0.0,1.0,0.0,0.0,true
com.puppycrawl.tools.checkstyle.TreeWalkerTest:testBehaviourWithOnlyCommentChecks,2,1,17.0,17.0,8.5,0.0,0.0,0.0,17.0,17.0,8.5,0.0,0.0,0.0,0.0,1.0,0.058823529411764705,0.0,true
com.puppycrawl.tools.checkstyle.MainTest:testNoConfigSpecified,1,1,26.0,26.0,26.0,90.0,90.0,90.0,-64.0,-64.0,-64.0,0.0,0.0,0.0,0.0,1.0,0.038461538461538464,0.017241379310344827,true
com.puppycrawl.tools.checkstyle.Main:getRootModule,2,1,5.0,5.0,2.5,0.0,0.0,0.0,5.0,5.0,2.5,0.0,0.0,0.0,0.0,1.0,0.2,0.0,true
com.puppycrawl.tools.checkstyle.ant.CheckstyleAntTaskTest:testCheckerException,2,2,10.0,10.0,5.0,9.0,9.0,4.5,1.0,1.0,0.5,0.0,0.0,0.0,0.0,0.5,0.1,0.10526315789473684,true
com.puppycrawl.tools.checkstyle.checks.blocks.rightcurly.InputRightCurlySameLambda:bar,1,1,57.0,57.0,57.0,0.0,0.0,0.0,57.0,57.0,57.0,0.0,0.0,0.0,0.0,1.0,0.017543859649122806,0.0,true
com.puppycrawl.tools.checkstyle.checks.naming.AbstractClassNameCheck:isAbstract,1,1,0.0,0.0,0.0,0.0,0.0,0.0,0.0,0.0,0.0,0.0,0.0,0.0,0.0,1.0,0.0,0.0,true
com.puppycrawl.tools.checkstyle.checks.blocks.EmptyCatchBlockCheckTest:testWithUserSetValues,2,2,0.0,0.0,0.0,0.0,0.0,0.0,0.0,0.0,0.0,0.0,0.0,0.0,0.0,0.5,0.0,0.0,true
com.puppycrawl.tools.checkstyle.gui.MainFrameModel:isReloadActionEnabled,1,1,0.0,0.0,0.0,0.0,0.0,0.0,0.0,0.0,0.0,0.0,0.0,0.0,0.0,1.0,0.0,0.0,true
com.puppycrawl.tools.checkstyle.checks.blocks.leftcurly.InputLeftCurlyDefault3:foo,1,1,42.0,42.0,42.0,0.0,0.0,0.0,42.0,42.0,42.0,0.0,3.0,-3.0,-3.0,1.0,0.023809523809523808,0.0,true
com.puppycrawl.tools.checkstyle.checks.sizes.MethodLengthCheckTest:testCountEmpty,1,1,2.0,2.0,2.0,0.0,0.0,0.0,2.0,2.0,2.0,0.0,0.0,0.0,0.0,1.0,0.5,0.0,true
com.puppycrawl.tools.checkstyle.checks.javadoc.JavadocTags:JavadocTags,1,1,5.0,5.0,5.0,1.0,1.0,1.0,4.0,4.0,4.0,0.0,0.0,0.0,0.0,1.0,0.2,0.3333333333333333,true
com.puppycrawl.tools.checkstyle.checks.indentation.IndentationCheckTest:testInvalidMethodWithChecker,1,1,1.0,1.0,1.0,0.0,0.0,0.0,1.0,1.0,1.0,0.0,0.0,0.0,0.0,1.0,1.0,0.0,true
com.puppycrawl.tools.checkstyle.CheckerTest:testSetters,3,3,0.0,0.0,0.0,0.0,0.0,0.0,0.0,0.0,0.0,0.0,0.0,0.0,0.0,0.3333333333333333,0.0,0.0,true
com.puppycrawl.tools.checkstyle.checks.coding.UnnecessaryParenthesesCheckTest:testDefault,1,1,0.0,0.0,0.0,0.0,0.0,0.0,0.0,0.0,0.0,0.0,0.0,0.0,0.0,1.0,0.0,0.0,true
com.puppycrawl.tools.checkstyle.checks.coding.IllegalTypeCheck:setFormat,2,1,4.0,3.0,2.0,1.0,1.0,0.5,3.0,2.0,1.5,0.0,0.0,0.0,0.0,1.0,0.25,0.4,true
com.puppycrawl.tools.checkstyle.checks.blocks.rightcurly.InputRightCurlyAnnotations:foo29,1,1,0.0,0.0,0.0,0.0,0.0,0.0,0.0,0.0,0.0,0.0,0.0,0.0,0.0,1.0,0.0,0.0,true
com.puppycrawl.tools.checkstyle.checks.indentation.IndentationCheckTest:testMethodChaining,2,2,9.0,8.0,4.5,0.0,0.0,0.0,9.0,8.0,4.5,0.0,0.0,0.0,0.0,0.5,0.1111111111111111,0.0,true
com.puppycrawl.tools.checkstyle.checks.imports.ImportControlCheckTest:testUrlBlank,1,1,0.0,0.0,0.0,0.0,0.0,0.0,0.0,0.0,0.0,0.0,0.0,0.0,0.0,1.0,0.0,0.0,true
com.puppycrawl.tools.checkstyle.utils.CheckUtilsTest:getPath,1,1,21.0,21.0,21.0,0.0,0.0,0.0,21.0,21.0,21.0,0.0,0.0,0.0,0.0,1.0,0.047619047619047616,0.0,true
com.puppycrawl.tools.checkstyle.checks.annotation.missingdeprecated.InputMissingDeprecatedMethod:method,1,1,3.0,3.0,3.0,0.0,0.0,0.0,3.0,3.0,3.0,0.0,0.0,0.0,0.0,1.0,0.3333333333333333,0.0,true
com.puppycrawl.tools.checkstyle.CloseAndFlushTestByteArrayOutputStream:close,1,1,3.0,3.0,3.0,0.0,0.0,0.0,3.0,3.0,3.0,0.0,0.0,0.0,0.0,1.0,0.3333333333333333,0.0,true
com.puppycrawl.tools.checkstyle.checks.imports.IllegalImportCheckTest:testIllegalPackagesRegularExpression,2,2,13.0,7.0,6.5,0.0,0.0,0.0,13.0,7.0,6.5,0.0,0.0,0.0,0.0,0.5,0.07692307692307693,0.0,true
com.google.checkstyle.test.chapter4formatting.rule461verticalwhitespace.EmptyLineSeparatorTest:testEmptyLineSeparator,1,1,9.0,9.0,9.0,0.0,0.0,0.0,9.0,9.0,9.0,0.0,0.0,0.0,0.0,1.0,0.1111111111111111,0.0,true
com.puppycrawl.tools.checkstyle.PropertiesExpanderTest:testCtorException,1,1,11.0,11.0,11.0,1.0,1.0,1.0,10.0,10.0,10.0,0.0,0.0,0.0,0.0,1.0,0.09090909090909091,0.16666666666666666,true
com.puppycrawl.tools.checkstyle.checks.indentation.IndentationCheckTest:testInvalidLabel,1,1,1.0,1.0,1.0,0.0,0.0,0.0,1.0,1.0,1.0,0.0,0.0,0.0,0.0,1.0,1.0,0.0,true
com.puppycrawl.tools.checkstyle.gui.MainFrameModel:ParseMode,1,1,3.0,3.0,3.0,0.0,0.0,0.0,3.0,3.0,3.0,0.0,0.0,0.0,0.0,1.0,0.3333333333333333,0.0,true
com.puppycrawl.tools.checkstyle.checks.blocks.NeedBracesCheckTest:getPath,1,1,2.0,2.0,2.0,0.0,0.0,0.0,2.0,2.0,2.0,0.0,0.0,0.0,0.0,1.0,0.5,0.0,true
com.puppycrawl.tools.checkstyle.checks.imports.ImportControlCheckTest:testGetRequiredTokens,1,1,3.0,3.0,3.0,0.0,0.0,0.0,3.0,3.0,3.0,0.0,0.0,0.0,0.0,1.0,0.3333333333333333,0.0,true
com.puppycrawl.tools.checkstyle.checks.imports.ImportControlCheckTest:testPathRegexDoesntMatch,2,2,12.0,7.0,6.0,0.0,0.0,0.0,12.0,7.0,6.0,0.0,0.0,0.0,0.0,0.5,0.08333333333333333,0.0,true
com.puppycrawl.tools.checkstyle.checks.design.FinalClassCheckTest:getPath,1,1,0.0,0.0,0.0,0.0,0.0,0.0,0.0,0.0,0.0,0.0,0.0,0.0,0.0,1.0,0.0,0.0,true
com.puppycrawl.tools.checkstyle.checks.indentation.indentation.InputIndentationCorrectMultipleAnnotationsWithWrappedLines:method,1,1,3.0,3.0,3.0,0.0,0.0,0.0,3.0,3.0,3.0,0.0,0.0,0.0,0.0,1.0,0.3333333333333333,0.0,true
com.puppycrawl.tools.checkstyle.CheckerTest:getAcceptFileStarted,1,1,6.0,6.0,6.0,0.0,0.0,0.0,6.0,6.0,6.0,0.0,0.0,0.0,0.0,1.0,0.16666666666666666,0.0,true
com.puppycrawl.tools.checkstyle.checks.coding.RequireThisCheck:getMethodWithoutThis,1,1,0.0,0.0,0.0,0.0,0.0,0.0,0.0,0.0,0.0,0.0,0.0,0.0,0.0,1.0,0.0,0.0,true
com.puppycrawl.tools.checkstyle.grammars.java8.InputLambda7:doSomething,1,1,1.0,1.0,1.0,0.0,0.0,0.0,1.0,1.0,1.0,0.0,0.0,0.0,0.0,1.0,1.0,0.0,true
com.puppycrawl.tools.checkstyle.checks.javadoc.JavadocMethodCheckTest:testAllowToSkipOverridden,1,1,5.0,5.0,5.0,0.0,0.0,0.0,5.0,5.0,5.0,0.0,0.0,0.0,0.0,1.0,0.2,0.0,true
com.puppycrawl.tools.checkstyle.checks.indentation.IndentationCheckTest:testInputAnnotationDefIndentationCheck,2,2,13.0,12.0,6.5,0.0,0.0,0.0,13.0,12.0,6.5,0.0,0.0,0.0,0.0,0.5,0.07692307692307693,0.0,true
com.google.checkstyle.test.chapter3filestructure.rule3421overloadsplit.OverloadMethodsDeclarationOrderTest:testOverloadMethods,1,1,9.0,9.0,9.0,0.0,0.0,0.0,9.0,9.0,9.0,0.0,0.0,0.0,0.0,1.0,0.1111111111111111,0.0,true
com.puppycrawl.tools.checkstyle.filters.SuppressionsLoaderTest:testMultipleSuppression,1,1,1.0,1.0,1.0,0.0,0.0,0.0,1.0,1.0,1.0,0.0,0.0,0.0,0.0,1.0,1.0,0.0,true
com.puppycrawl.tools.checkstyle.checks.javadoc.JavadocTypeCheckTest:testGetAcceptableTokens,1,1,1.0,1.0,1.0,0.0,0.0,0.0,1.0,1.0,1.0,0.0,0.0,0.0,0.0,1.0,1.0,0.0,true
com.puppycrawl.tools.checkstyle.checks.annotation.MissingDeprecatedCheckTest:testGoodDeprecated,1,1,1.0,1.0,1.0,0.0,0.0,0.0,1.0,1.0,1.0,0.0,0.0,0.0,0.0,1.0,1.0,0.0,true
com.puppycrawl.tools.checkstyle.checks.imports.ImportControlRegExpInPkgTest:testRegExpInSubpackageIsConsidered,2,2,10.0,7.0,5.0,0.0,0.0,0.0,10.0,7.0,5.0,0.0,0.0,0.0,0.0,0.5,0.1,0.0,true
com.puppycrawl.tools.checkstyle.checks.whitespace.genericwhitespace.InputGenericWhitespaceDefault:compareTo,1,1,2.0,2.0,2.0,0.0,0.0,0.0,2.0,2.0,2.0,0.0,0.0,0.0,0.0,1.0,0.5,0.0,true
com.puppycrawl.tools.checkstyle.checks.imports.ImportControlLoaderTest:getPath,1,1,0.0,0.0,0.0,0.0,0.0,0.0,0.0,0.0,0.0,0.0,0.0,0.0,0.0,1.0,0.0,0.0,true
com.google.checkstyle.test.chapter4formatting.rule462horizontalwhitespace.GenericWhitespaceTest:testGenericWhitespace,1,1,11.0,11.0,11.0,0.0,0.0,0.0,11.0,11.0,11.0,0.0,0.0,0.0,0.0,1.0,0.09090909090909091,0.0,true
com.puppycrawl.tools.checkstyle.checks.indentation.indentation.InputIndentationSynchronizedStatement:getInstance,1,1,0.0,0.0,0.0,0.0,0.0,0.0,0.0,0.0,0.0,0.0,0.0,0.0,0.0,1.0,0.0,0.0,true
com.puppycrawl.tools.checkstyle.checks.javadoc.AbstractJavadocCheckTest:testAcceptableTokensFail,1,1,12.0,12.0,12.0,0.0,0.0,0.0,12.0,12.0,12.0,0.0,0.0,0.0,0.0,1.0,0.08333333333333333,0.0,true
com.puppycrawl.tools.checkstyle.checks.header.RegexpHeaderCheckTest:testRegexpHeaderMulti52,1,1,9.0,9.0,9.0,0.0,0.0,0.0,9.0,9.0,9.0,0.0,0.0,0.0,0.0,1.0,0.1111111111111111,0.0,true
com.puppycrawl.tools.checkstyle.checks.metrics.InputNPathComplexity:testIfWithExpression,1,1,12.0,12.0,12.0,0.0,0.0,0.0,12.0,12.0,12.0,0.0,0.0,0.0,0.0,1.0,0.08333333333333333,0.0,true
com.google.checkstyle.test.chapter4formatting.rule412nonemptyblocks.LeftCurlyTest:testLeftCurlyMethods,1,1,7.0,7.0,7.0,0.0,0.0,0.0,7.0,7.0,7.0,0.0,0.0,0.0,0.0,1.0,0.14285714285714285,0.0,true
com.puppycrawl.tools.checkstyle.checks.coding.FinalLocalVariableCheck:isMultipleTypeCatch,1,1,7.0,7.0,7.0,0.0,0.0,0.0,7.0,7.0,7.0,0.0,0.0,0.0,0.0,1.0,0.14285714285714285,0.0,true
com.puppycrawl.tools.checkstyle.checks.imports.ImportControlCheckTest:testStrategyOnMismatchOne,2,2,11.0,6.0,5.5,0.0,0.0,0.0,11.0,6.0,5.5,0.0,0.0,0.0,0.0,0.5,0.09090909090909091,0.0,true
com.puppycrawl.tools.checkstyle.CheckerTest:testCacheOnViolationSuppression,1,1,22.0,22.0,22.0,0.0,0.0,0.0,22.0,22.0,22.0,0.0,0.0,0.0,0.0,1.0,0.045454545454545456,0.0,true
com.puppycrawl.tools.checkstyle.checks.design.FinalClassCheck:doesNameInExtendMatchSuperClassName,1,1,0.0,0.0,0.0,0.0,0.0,0.0,0.0,0.0,0.0,0.0,0.0,0.0,0.0,1.0,0.0,0.0,true
com.puppycrawl.tools.checkstyle.checks.SuppressWarningsHolder:getAnnotationValues,2,2,13.0,12.0,6.5,6.0,6.0,3.0,7.0,6.0,3.5,0.0,0.0,0.0,0.0,0.5,0.07692307692307693,0.10526315789473684,true
com.puppycrawl.tools.checkstyle.checks.metrics.InputNPathComplexity:testForCyclesComplex,1,1,12.0,12.0,12.0,0.0,0.0,0.0,12.0,12.0,12.0,0.0,0.0,0.0,0.0,1.0,0.08333333333333333,0.0,true
com.puppycrawl.tools.checkstyle.checks.whitespace.OperatorWrapCheck:setOption,1,1,0.0,0.0,0.0,1.0,1.0,1.0,-1.0,-1.0,-1.0,0.0,0.0,0.0,0.0,1.0,0.0,0.0,true
com.puppycrawl.tools.checkstyle.checks.blocks.EmptyBlockCheck:hasText,2,2,0.0,0.0,0.0,0.0,0.0,0.0,0.0,0.0,0.0,0.0,0.0,0.0,0.0,0.5,0.0,0.0,true
com.puppycrawl.tools.checkstyle.checks.imports.ImportControlRegExpInPkgTest:testRegExpInRootIsConsidered,2,2,10.0,7.0,5.0,0.0,0.0,0.0,10.0,7.0,5.0,0.0,0.0,0.0,0.0,0.5,0.1,0.0,true
com.puppycrawl.tools.checkstyle.checks.coding.FinalLocalVariableCheck:findLastChildWhichContainsSpecifiedToken,1,1,4.0,4.0,4.0,0.0,0.0,0.0,4.0,4.0,4.0,0.0,0.0,0.0,0.0,1.0,0.25,0.0,true
com.puppycrawl.tools.checkstyle.ant.CheckstyleAntTaskTest:testExecuteLogOutput,4,3,29.0,19.0,7.25,9.0,9.0,2.25,20.0,10.0,5.0,0.0,0.0,0.0,0.0,0.5,0.06896551724137931,0.13157894736842105,true
com.puppycrawl.tools.checkstyle.gui.ParseTreeTablePresentationTest:parseFile,2,2,22.0,12.0,11.0,0.0,0.0,0.0,22.0,12.0,11.0,0.0,0.0,0.0,0.0,0.5,0.045454545454545456,0.0,true
com.puppycrawl.tools.checkstyle.gui.ParseTreeTablePresentation:setParseMode,1,1,77.0,77.0,77.0,4.0,4.0,4.0,73.0,73.0,73.0,0.0,1.0,-1.0,-1.0,1.0,0.012987012987012988,0.024691358024691357,true
com.google.checkstyle.test.chapter5naming.rule523methodnames.MethodNameTest:testMethodName,1,1,9.0,9.0,9.0,0.0,0.0,0.0,9.0,9.0,9.0,0.0,0.0,0.0,0.0,1.0,0.1111111111111111,0.0,true
com.puppycrawl.tools.checkstyle.checks.javadoc.AbstractJavadocCheckTest:testRequiredTokenIsNotInDefaultTokens,1,1,12.0,12.0,12.0,0.0,0.0,0.0,12.0,12.0,12.0,0.0,0.0,0.0,0.0,1.0,0.08333333333333333,0.0,true
com.puppycrawl.tools.checkstyle.utils.TokenUtils:findFirstTokenByPredicate,2,1,23.0,20.0,11.5,6.0,6.0,3.0,17.0,14.0,8.5,0.0,3.0,0.0,0.0,1.0,0.043478260869565216,0.06896551724137931,true
com.puppycrawl.tools.checkstyle.internal.XdocsPagesTest:validateCheckSection,4,2,11.0,9.0,2.75,0.0,0.0,0.0,11.0,9.0,2.75,0.0,0.0,0.0,0.0,0.75,0.18181818181818182,0.0,true
com.puppycrawl.tools.checkstyle.TreeWalkerTest:testWithCacheWithNoViolation,2,2,5.0,4.0,2.5,0.0,0.0,0.0,5.0,4.0,2.5,0.0,0.0,0.0,0.0,0.5,0.2,0.0,true
com.puppycrawl.tools.checkstyle.checks.blocks.NeedBracesCheckTest:testSingleLineCaseDefault2,1,1,7.0,7.0,7.0,0.0,0.0,0.0,7.0,7.0,7.0,0.0,0.0,0.0,0.0,1.0,0.14285714285714285,0.0,true
com.puppycrawl.tools.checkstyle.checks.indentation.indentation.InputIndentationValidForIndent:InputIndentationValidForIndent,1,1,3.0,3.0,3.0,0.0,0.0,0.0,3.0,3.0,3.0,0.0,0.0,0.0,0.0,1.0,0.3333333333333333,0.0,true
com.puppycrawl.tools.checkstyle.checks.header.RegexpHeaderCheckTest:testRegexpHeaderUrl,1,1,9.0,9.0,9.0,0.0,0.0,0.0,9.0,9.0,9.0,0.0,0.0,0.0,0.0,1.0,0.1111111111111111,0.0,true
com.puppycrawl.tools.checkstyle.Checker:fireErrors,1,1,14.0,14.0,14.0,5.0,5.0,5.0,9.0,9.0,9.0,0.0,1.0,0.0,0.0,1.0,0.07142857142857142,0.10526315789473684,true
com.puppycrawl.tools.checkstyle.MainTest:testExecuteIgnoredModule,1,1,11.0,11.0,11.0,0.0,0.0,0.0,11.0,11.0,11.0,0.0,0.0,0.0,0.0,1.0,0.09090909090909091,0.0,true
com.puppycrawl.tools.checkstyle.checks.SuppressWarningsHolderTest:testIsSuppressed,1,1,0.0,0.0,0.0,0.0,0.0,0.0,0.0,0.0,0.0,0.0,0.0,0.0,0.0,1.0,0.0,0.0,true
com.puppycrawl.tools.checkstyle.checks.whitespace.WhitespaceAroundCheck:shouldCheckSeparationFromPreviousToken,1,1,0.0,0.0,0.0,0.0,0.0,0.0,0.0,0.0,0.0,0.0,0.0,0.0,0.0,1.0,0.0,0.0,true
com.puppycrawl.tools.checkstyle.checks.annotation.MissingDeprecatedCheckTest:testBadDeprecatedJavadoc,1,1,1.0,1.0,1.0,0.0,0.0,0.0,1.0,1.0,1.0,0.0,0.0,0.0,0.0,1.0,1.0,0.0,true
com.puppycrawl.tools.checkstyle.checks.indentation.indentation.InputIndentationFromGuava2:subRangeMap1,1,1,0.0,0.0,0.0,0.0,0.0,0.0,0.0,0.0,0.0,0.0,0.0,0.0,0.0,1.0,0.0,0.0,true
com.puppycrawl.tools.checkstyle.internal.CheckUtil:isCheckstyleModule,2,1,14.0,10.0,7.0,3.0,3.0,1.5,11.0,7.0,5.5,0.0,0.0,0.0,0.0,1.0,0.07142857142857142,0.11764705882352941,true
com.puppycrawl.tools.checkstyle.checks.coding.requirethis.InputRequireThisValidateOnlyOverlappingFalse:foo25,1,1,0.0,0.0,0.0,0.0,0.0,0.0,0.0,0.0,0.0,0.0,0.0,0.0,0.0,1.0,0.0,0.0,true
com.puppycrawl.tools.checkstyle.checks.whitespace.genericwhitespace.InputGenericWhitespaceDefault:InputGenericWhitespaceDefault,1,1,2.0,2.0,2.0,0.0,0.0,0.0,2.0,2.0,2.0,0.0,0.0,0.0,0.0,1.0,0.5,0.0,true
com.puppycrawl.tools.checkstyle.checks.indentation.indentation.InputIndentationValidDoWhileIndent:InputIndentationValidDoWhileIndent,1,1,2.0,2.0,2.0,0.0,0.0,0.0,2.0,2.0,2.0,0.0,0.0,0.0,0.0,1.0,0.5,0.0,true
com.puppycrawl.tools.checkstyle.checks.imports.ImportOrderCheckTest:testImportOrderOptionValueOf,1,1,0.0,0.0,0.0,0.0,0.0,0.0,0.0,0.0,0.0,0.0,0.0,0.0,0.0,1.0,0.0,0.0,true
com.puppycrawl.tools.checkstyle.checks.annotation.AnnotationLocationCheckTest:testWithoutAnnotations,1,1,2.0,2.0,2.0,0.0,0.0,0.0,2.0,2.0,2.0,0.0,0.0,0.0,0.0,1.0,0.5,0.0,true
com.google.checkstyle.test.chapter4formatting.rule4832nocstylearray.ArrayTypeStyleTest:testArrayTypeStyle,1,1,7.0,7.0,7.0,0.0,0.0,0.0,7.0,7.0,7.0,0.0,0.0,0.0,0.0,1.0,0.14285714285714285,0.0,true
com.puppycrawl.tools.checkstyle.checks.design.DesignForExtensionCheck:hasDefaultOrExplicitNonPrivateCtor,1,1,5.0,5.0,5.0,0.0,0.0,0.0,5.0,5.0,5.0,0.0,0.0,0.0,0.0,1.0,0.2,0.0,true
com.puppycrawl.tools.checkstyle.checks.whitespace.whitespaceafter.InputWhitespaceAfterDoWhile:testDoWhile,1,1,10.0,10.0,10.0,0.0,0.0,0.0,10.0,10.0,10.0,0.0,0.0,0.0,0.0,1.0,0.1,0.0,true
com.google.checkstyle.test.chapter4formatting.rule4822variabledistance.InputVariableDeclarationUsageDistanceCheck:testIssue32_3,1,1,2.0,2.0,2.0,0.0,0.0,0.0,2.0,2.0,2.0,0.0,0.0,0.0,0.0,1.0,0.5,0.0,true
com.puppycrawl.tools.checkstyle.checks.coding.FallThroughCheckTest:getPath,1,1,0.0,0.0,0.0,0.0,0.0,0.0,0.0,0.0,0.0,0.0,0.0,0.0,0.0,1.0,0.0,0.0,true
com.puppycrawl.tools.checkstyle.checks.TranslationCheckTest:testBaseNameWithSeparatorTranslationsAreMissing,1,1,0.0,0.0,0.0,0.0,0.0,0.0,0.0,0.0,0.0,0.0,0.0,0.0,0.0,1.0,0.0,0.0,true
com.puppycrawl.tools.checkstyle.checks.indentation.indentation.InputIndentationInvalidTryIndent:method,1,1,0.0,0.0,0.0,0.0,0.0,0.0,0.0,0.0,0.0,0.0,0.0,0.0,0.0,1.0,0.0,0.0,true
com.puppycrawl.tools.checkstyle.checks.indentation.IndentationCheckTest:testGetRequiredTokens,2,2,6.0,5.0,3.0,0.0,0.0,0.0,6.0,5.0,3.0,0.0,0.0,0.0,0.0,0.5,0.16666666666666666,0.0,true
com.puppycrawl.tools.checkstyle.checks.header.HeaderCheckTest:testInvalidCharset,1,1,1.0,1.0,1.0,0.0,0.0,0.0,1.0,1.0,1.0,0.0,0.0,0.0,0.0,1.0,1.0,0.0,true
com.puppycrawl.tools.checkstyle.checks.ClassResolverTest:testResolveInnerClass,1,1,6.0,6.0,6.0,0.0,0.0,0.0,6.0,6.0,6.0,0.0,0.0,0.0,0.0,1.0,0.16666666666666666,0.0,true
com.puppycrawl.tools.checkstyle.checks.modifier.redundantmodifier.InputRedundantModifierIt:doStuff,1,1,3.0,3.0,3.0,0.0,0.0,0.0,3.0,3.0,3.0,0.0,0.0,0.0,0.0,1.0,0.3333333333333333,0.0,true
com.puppycrawl.tools.checkstyle.utils.JavadocUtilsTest:testGetTokenId,1,1,4.0,4.0,4.0,0.0,0.0,0.0,4.0,4.0,4.0,0.0,0.0,0.0,0.0,1.0,0.25,0.0,true
com.puppycrawl.tools.checkstyle.checks.coding.HiddenFieldCheck:isMatchingRegexp,1,1,2.0,2.0,2.0,0.0,0.0,0.0,2.0,2.0,2.0,0.0,0.0,0.0,0.0,1.0,0.5,0.0,true
com.puppycrawl.tools.checkstyle.checks.sizes.InputLineLengthCheckTest:shouldLogActualLineLength,1,1,2.0,2.0,2.0,0.0,0.0,0.0,2.0,2.0,2.0,0.0,0.0,0.0,0.0,1.0,0.5,0.0,true
com.puppycrawl.tools.checkstyle.DefaultLogger:auditStarted,1,1,1.0,1.0,1.0,0.0,0.0,0.0,1.0,1.0,1.0,0.0,0.0,0.0,0.0,1.0,1.0,0.0,true
com.puppycrawl.tools.checkstyle.checks.coding.nofinalizer.InputNoFinalizerFallThrough:methodFallThruCOtherWords,1,1,9.0,9.0,9.0,0.0,0.0,0.0,9.0,9.0,9.0,0.0,0.0,0.0,0.0,1.0,0.1111111111111111,0.0,true
com.puppycrawl.tools.checkstyle.checks.imports.ImportControlCheckTest:testPkgRegExpInChild,2,2,8.0,5.0,4.0,0.0,0.0,0.0,8.0,5.0,4.0,0.0,0.0,0.0,0.0,0.5,0.125,0.0,true
com.puppycrawl.tools.checkstyle.ant.CheckstyleAntTaskTest:testNoConfigFile,1,1,0.0,0.0,0.0,0.0,0.0,0.0,0.0,0.0,0.0,0.0,0.0,0.0,0.0,1.0,0.0,0.0,true
com.puppycrawl.tools.checkstyle.checks.imports.ImportControlLoader:containsRegexAttribute,2,2,5.0,4.0,2.5,0.0,0.0,0.0,5.0,4.0,2.5,0.0,0.0,0.0,0.0,0.5,0.2,0.0,true
com.puppycrawl.tools.checkstyle.checks.design.hideutilityclassconstructor.InputHideUtilityClassConstructorPublic:InputHideUtilityClassConstructorPublic,1,1,3.0,3.0,3.0,0.0,0.0,0.0,3.0,3.0,3.0,0.0,0.0,0.0,0.0,1.0,0.3333333333333333,0.0,true
com.puppycrawl.tools.checkstyle.Checker:clearCache,1,1,1.0,1.0,1.0,0.0,0.0,0.0,1.0,1.0,1.0,0.0,0.0,0.0,0.0,1.0,1.0,0.0,true
com.puppycrawl.tools.checkstyle.checks.annotation.MissingOverrideCheckTest:testBadAnnotationOverride,1,1,2.0,2.0,2.0,0.0,0.0,0.0,2.0,2.0,2.0,0.0,0.0,0.0,0.0,1.0,0.5,0.0,true
com.puppycrawl.tools.checkstyle.checks.modifier.RedundantModifierCheck:processResources,2,1,28.0,15.0,14.0,12.0,12.0,6.0,16.0,3.0,8.0,0.0,2.0,0.0,0.0,1.0,0.03571428571428571,0.05,true
com.puppycrawl.tools.checkstyle.checks.regexp.RegexpMultilineCheckTest:testMinimum,2,1,5.0,5.0,2.5,0.0,0.0,0.0,5.0,5.0,2.5,0.0,0.0,0.0,0.0,1.0,0.2,0.0,true
com.puppycrawl.tools.checkstyle.gui.MainFrameModel:getLinesToPosition,1,1,2.0,2.0,2.0,1.0,1.0,1.0,1.0,1.0,1.0,0.0,0.0,0.0,0.0,1.0,0.5,0.6666666666666666,true
com.puppycrawl.tools.checkstyle.checks.coding.variabledeclarationusagedistance.InputVariableDeclarationUsageDistance:testIssue32_3,1,1,2.0,2.0,2.0,0.0,0.0,0.0,2.0,2.0,2.0,0.0,0.0,0.0,0.0,1.0,0.5,0.0,true
com.puppycrawl.tools.checkstyle.checks.coding.variabledeclarationusagedistance.InputVariableDeclarationUsageDistance:testIssue32_2,1,1,2.0,2.0,2.0,0.0,0.0,0.0,2.0,2.0,2.0,0.0,0.0,0.0,0.0,1.0,0.5,0.0,true
com.puppycrawl.tools.checkstyle.gui.ParseTreeTablePresentationTest:testChildCount,2,2,23.0,13.0,11.5,0.0,0.0,0.0,23.0,13.0,11.5,0.0,0.0,0.0,0.0,0.5,0.043478260869565216,0.0,true
com.puppycrawl.tools.checkstyle.checks.javadoc.JavadocParagraphCheckTest:testGetRequiredTokens,1,1,0.0,0.0,0.0,0.0,0.0,0.0,0.0,0.0,0.0,0.0,0.0,0.0,0.0,1.0,0.0,0.0,true
com.puppycrawl.tools.checkstyle.checks.sizes.MethodLengthCheckTest:testAbstract,1,1,2.0,2.0,2.0,0.0,0.0,0.0,2.0,2.0,2.0,0.0,0.0,0.0,0.0,1.0,0.5,0.0,true
com.google.checkstyle.test.chapter5naming.rule527localvariablenames.LocalVariableNameTest:testLocalVariableName,2,2,6.0,6.0,3.0,0.0,0.0,0.0,6.0,6.0,3.0,0.0,0.0,0.0,0.0,0.5,0.16666666666666666,0.0,true
com.puppycrawl.tools.checkstyle.checks.indentation.indentation.InputIndentationUseTwoSpaces:InputIndentationUseTwoSpaces,1,1,10.0,10.0,10.0,0.0,0.0,0.0,10.0,10.0,10.0,0.0,1.0,0.0,0.0,1.0,0.1,0.0,true
com.puppycrawl.tools.checkstyle.checks.regexp.RegexpCheckTest:testIgnoreCommentsFalseBlockStyle,1,1,9.0,9.0,9.0,0.0,0.0,0.0,9.0,9.0,9.0,0.0,0.0,0.0,0.0,1.0,0.1111111111111111,0.0,true
com.puppycrawl.tools.checkstyle.checks.design.FinalClassCheck:getQualifiedClassName,1,1,0.0,0.0,0.0,0.0,0.0,0.0,0.0,0.0,0.0,0.0,0.0,0.0,0.0,1.0,0.0,0.0,true
com.puppycrawl.tools.checkstyle.ant.CheckstyleAntTaskTest:testSetClasspath,1,1,0.0,0.0,0.0,0.0,0.0,0.0,0.0,0.0,0.0,0.0,0.0,0.0,0.0,1.0,0.0,0.0,true
com.puppycrawl.tools.checkstyle.ant.CheckstyleAntTaskTest:testMaxWarningExceeded,3,3,12.0,12.0,4.0,0.0,0.0,0.0,12.0,12.0,4.0,0.0,0.0,0.0,0.0,0.3333333333333333,0.16666666666666666,0.0,true
com.testing.packagediffdirectory.InputPackageDeclarationDiffDirectory:get,1,1,2.0,2.0,2.0,0.0,0.0,0.0,2.0,2.0,2.0,0.0,0.0,0.0,0.0,1.0,0.5,0.0,true
com.puppycrawl.tools.checkstyle.checks.coding.MultipleStringLiteralsCheckTest:getPath,1,1,0.0,0.0,0.0,0.0,0.0,0.0,0.0,0.0,0.0,0.0,0.0,0.0,0.0,1.0,0.0,0.0,true
com.puppycrawl.tools.checkstyle.checks.naming.CatchParameterNameCheckTest:getPath,1,1,0.0,0.0,0.0,0.0,0.0,0.0,0.0,0.0,0.0,0.0,0.0,0.0,0.0,1.0,0.0,0.0,true
com.puppycrawl.tools.checkstyle.BaseCheckTestSupport:getMessageBundle,2,2,18.0,9.0,9.0,4.0,2.0,2.0,14.0,7.0,7.0,0.0,0.0,-1.0,-1.0,0.5,0.1111111111111111,0.18181818181818182,true
com.puppycrawl.tools.checkstyle.checks.blocks.NeedBracesCheckTest:testSingleLineStatements,1,1,2.0,2.0,2.0,0.0,0.0,0.0,2.0,2.0,2.0,0.0,0.0,0.0,0.0,1.0,0.5,0.0,true
com.puppycrawl.tools.checkstyle.PackageObjectFactory:fillChecksFromNamingPackage,1,1,5.0,5.0,5.0,0.0,0.0,0.0,5.0,5.0,5.0,0.0,0.0,0.0,0.0,1.0,0.2,0.0,true
com.puppycrawl.tools.checkstyle.gui.ParseTreeTablePresentationTest:testCommentChildInJavaAndJavadocMode,2,2,23.0,13.0,11.5,0.0,0.0,0.0,23.0,13.0,11.5,0.0,0.0,0.0,0.0,0.5,0.043478260869565216,0.0,true
com.puppycrawl.tools.checkstyle.checks.coding.EqualsHashCodeCheck:isObjectParam,1,1,8.0,8.0,8.0,0.0,0.0,0.0,8.0,8.0,8.0,0.0,0.0,0.0,0.0,1.0,0.125,0.0,true
com.puppycrawl.tools.checkstyle.checks.regexp.RegexpCheck:beginTree,1,1,1.0,1.0,1.0,1.0,1.0,1.0,0.0,0.0,0.0,0.0,0.0,0.0,0.0,1.0,1.0,1.0,true
com.puppycrawl.tools.checkstyle.checks.whitespace.EmptyLineSeparatorCheck:visitToken,1,1,9.0,9.0,9.0,0.0,0.0,0.0,9.0,9.0,9.0,0.0,1.0,0.0,0.0,1.0,0.1111111111111111,0.0,true
com.puppycrawl.tools.checkstyle.checks.imports.ImportControlLoader:startElement,5,4,19.0,9.0,3.8,0.0,0.0,0.0,19.0,9.0,3.8,0.0,1.0,0.0,0.0,0.4,0.10526315789473684,0.0,true
com.puppycrawl.tools.checkstyle.checks.naming.AbbreviationAsWordInNameCheckTest:testTypeAndVariablesAndMethodNamesWithIgnoresStatic,2,2,18.0,10.0,9.0,0.0,0.0,0.0,18.0,10.0,9.0,0.0,0.0,0.0,0.0,0.5,0.05555555555555555,0.0,true
com.puppycrawl.tools.checkstyle.checks.coding.VariableDeclarationUsageDistanceCheck:calculateDistanceInSingleScope,1,1,38.0,38.0,38.0,34.0,34.0,34.0,4.0,4.0,4.0,0.0,2.0,2.0,2.0,1.0,0.02631578947368421,0.027777777777777776,true
com.puppycrawl.tools.checkstyle.utils.CommonUtils:isIdentifier,1,1,9.0,9.0,9.0,0.0,0.0,0.0,9.0,9.0,9.0,0.0,0.0,0.0,0.0,1.0,0.1111111111111111,0.0,true
com.puppycrawl.tools.checkstyle.packageobjectfactory.foo.FooCheck:getAcceptableTokens,1,1,3.0,3.0,3.0,0.0,0.0,0.0,3.0,3.0,3.0,0.0,0.0,0.0,0.0,1.0,0.3333333333333333,0.0,true
com.puppycrawl.tools.checkstyle.checks.FileContentsHolder:beginTree,1,1,2.0,2.0,2.0,1.0,1.0,1.0,1.0,1.0,1.0,0.0,0.0,0.0,0.0,1.0,0.5,0.6666666666666666,true
com.puppycrawl.tools.checkstyle.checks.indentation.commentsindentation.InputCommentsIndentationCommentIsAtTheEndOfBlock:foo63,1,1,0.0,0.0,0.0,0.0,0.0,0.0,0.0,0.0,0.0,0.0,0.0,0.0,0.0,1.0,0.0,0.0,true
com.puppycrawl.tools.checkstyle.checks.indentation.commentsindentation.InputCommentsIndentationCommentIsAtTheEndOfBlock:foo62,1,1,0.0,0.0,0.0,0.0,0.0,0.0,0.0,0.0,0.0,0.0,0.0,0.0,0.0,1.0,0.0,0.0,true
com.puppycrawl.tools.checkstyle.checks.javadoc.AbstractJavadocCheck:getRequiredTokens,1,1,3.0,3.0,3.0,0.0,0.0,0.0,3.0,3.0,3.0,0.0,0.0,0.0,0.0,1.0,0.3333333333333333,0.0,true
com.puppycrawl.tools.checkstyle.checks.imports.ImportOrderCheckTest:getNonCompilablePath,1,1,0.0,0.0,0.0,0.0,0.0,0.0,0.0,0.0,0.0,0.0,0.0,0.0,0.0,1.0,0.0,0.0,true
com.puppycrawl.tools.checkstyle.checks.indentation.IndentationCheckTest:testSynchronizedMethod,1,1,1.0,1.0,1.0,0.0,0.0,0.0,1.0,1.0,1.0,0.0,0.0,0.0,0.0,1.0,1.0,0.0,true
com.puppycrawl.tools.checkstyle.checks.imports.ImportControl:checkAccess,4,4,86.0,85.0,21.5,3.0,3.0,0.75,83.0,82.0,20.75,0.0,3.0,-3.0,-3.0,0.25,0.023255813953488372,0.056179775280898875,true
com.puppycrawl.tools.checkstyle.PropertyCacheFileTest:testPopulateDetails,1,1,6.0,6.0,6.0,0.0,0.0,0.0,6.0,6.0,6.0,0.0,0.0,0.0,0.0,1.0,0.16666666666666666,0.0,true
com.puppycrawl.tools.checkstyle.gui.CodeSelectorPresentationTest:testDetailASTSelection,2,2,7.0,7.0,3.5,0.0,0.0,0.0,7.0,7.0,3.5,0.0,0.0,0.0,0.0,0.5,0.14285714285714285,0.0,true
com.puppycrawl.tools.checkstyle.checks.whitespace.nowhitespaceafter.InputNoWhitespaceAfterSynchronized:method2,1,1,8.0,8.0,8.0,0.0,0.0,0.0,8.0,8.0,8.0,0.0,0.0,0.0,0.0,1.0,0.125,0.0,true
com.google.checkstyle.test.chapter5naming.rule53camelcase.AbbreviationAsWordInNameTest:testAbbreviationAsWordInName,2,2,9.0,8.0,4.5,0.0,0.0,0.0,9.0,8.0,4.5,0.0,0.0,0.0,0.0,0.5,0.1111111111111111,0.0,true
com.puppycrawl.tools.checkstyle.ant.CheckstyleAntTaskTest:testMaxErrors,1,1,10.0,10.0,10.0,0.0,0.0,0.0,10.0,10.0,10.0,0.0,0.0,0.0,0.0,1.0,0.1,0.0,true
com.puppycrawl.tools.checkstyle.checks.indentation.SlistHandler:getRightCurly,1,1,3.0,3.0,3.0,0.0,0.0,0.0,3.0,3.0,3.0,0.0,0.0,0.0,0.0,1.0,0.3333333333333333,0.0,true
com.puppycrawl.tools.checkstyle.checks.annotation.AnnotationLocationCheckTest:testIncorrect,1,1,2.0,2.0,2.0,0.0,0.0,0.0,2.0,2.0,2.0,0.0,0.0,0.0,0.0,1.0,0.5,0.0,true
com.puppycrawl.tools.checkstyle.PackageObjectFactory:generateThirdPartyNameToFullModuleName,3,2,44.0,33.0,14.666666666666666,0.0,0.0,0.0,44.0,33.0,14.666666666666666,0.0,0.0,0.0,0.0,0.6666666666666666,0.022727272727272728,0.0,true
com.puppycrawl.tools.checkstyle.api.AbstractCheckTest:testGetClassLoader,2,2,24.0,13.0,12.0,0.0,0.0,0.0,24.0,13.0,12.0,0.0,0.0,0.0,0.0,0.5,0.041666666666666664,0.0,true
com.puppycrawl.tools.checkstyle.checks.TranslationCheckTest:testTranslationFileWithLanguageCountryVariantIsMissing,1,1,0.0,0.0,0.0,0.0,0.0,0.0,0.0,0.0,0.0,0.0,0.0,0.0,0.0,1.0,0.0,0.0,true
com.puppycrawl.tools.checkstyle.checks.annotation.MissingOverrideCheckTest:testBadOverrideFromObjectJ5Compatible,1,1,2.0,2.0,2.0,0.0,0.0,0.0,2.0,2.0,2.0,0.0,0.0,0.0,0.0,1.0,0.5,0.0,true
com.puppycrawl.tools.checkstyle.checks.javadoc.JavadocNodeImpl:getChildren,1,1,4.0,4.0,4.0,2.0,2.0,2.0,2.0,2.0,2.0,0.0,0.0,1.0,1.0,1.0,0.25,0.3333333333333333,true
com.puppycrawl.tools.checkstyle.api.DetailAST:getBranchTokenTypes,1,1,0.0,0.0,0.0,0.0,0.0,0.0,0.0,0.0,0.0,0.0,0.0,0.0,0.0,1.0,0.0,0.0,true
com.puppycrawl.tools.checkstyle.checks.modifier.RedundantModifierCheck:checkClassConstructorModifiers,1,1,15.0,15.0,15.0,12.0,12.0,12.0,3.0,3.0,3.0,0.0,1.0,0.0,0.0,1.0,0.06666666666666667,0.07407407407407407,true
com.google.checkstyle.test.chapter4formatting.rule462horizontalwhitespace.GenericWhitespaceTest:testWhitespaceAroundGenerics,1,1,11.0,11.0,11.0,0.0,0.0,0.0,11.0,11.0,11.0,0.0,0.0,0.0,0.0,1.0,0.09090909090909091,0.0,true
com.puppycrawl.tools.checkstyle.PropertyCacheFileTest:testCloseAndFlushOutputStreamAfterCreatingHashCode,1,1,6.0,6.0,6.0,0.0,0.0,0.0,6.0,6.0,6.0,0.0,0.0,0.0,0.0,1.0,0.16666666666666666,0.0,true
com.puppycrawl.tools.checkstyle.gui.ParseTreeTablePresentation:isCellEditable,2,2,78.0,77.0,39.0,4.0,4.0,2.0,74.0,73.0,37.0,0.0,1.0,-1.0,-1.0,0.5,0.01282051282051282,0.024390243902439025,true
com.google.checkstyle.test.chapter5naming.rule527localvariablenames.LocalVariableNameTest:testOneChar,2,2,6.0,6.0,3.0,0.0,0.0,0.0,6.0,6.0,3.0,0.0,0.0,0.0,0.0,0.5,0.16666666666666666,0.0,true
com.puppycrawl.tools.checkstyle.checks.coding.equalshashcode.InputEqualsHashCodeSemantic:otherInstantiations,1,1,3.0,3.0,3.0,0.0,0.0,0.0,3.0,3.0,3.0,0.0,1.0,0.0,0.0,1.0,0.3333333333333333,0.0,true
com.puppycrawl.tools.checkstyle.api.abstractcheck.InputAbstractCheckTestFileContence:InputAbstractCheckTestFileContence,1,1,3.0,3.0,3.0,0.0,0.0,0.0,3.0,3.0,3.0,0.0,0.0,0.0,0.0,1.0,0.3333333333333333,0.0,true
com.puppycrawl.tools.checkstyle.checks.imports.PkgImportRuleTest:testPkgImportRuleExactMatchRegexp,2,2,43.0,34.0,21.5,0.0,0.0,0.0,43.0,34.0,21.5,0.0,0.0,0.0,0.0,0.5,0.023255813953488372,0.0,true
com.puppycrawl.tools.checkstyle.checks.javadoc.AbstractTypeAwareCheckTest:testClassRegularClass,1,1,0.0,0.0,0.0,0.0,0.0,0.0,0.0,0.0,0.0,0.0,0.0,0.0,0.0,1.0,0.0,0.0,true
com.puppycrawl.tools.checkstyle.checks.ClassResolverTest:testExistedImportCantBeResolved,1,1,6.0,6.0,6.0,0.0,0.0,0.0,6.0,6.0,6.0,0.0,0.0,0.0,0.0,1.0,0.16666666666666666,0.0,true
com.puppycrawl.tools.checkstyle.internal.CheckUtil:getCheckstyleModulesRecursive,2,1,1.0,1.0,0.5,20.0,20.0,10.0,-19.0,-19.0,-9.5,0.0,1.0,0.0,0.0,1.0,1.0,0.09523809523809523,true
com.puppycrawl.tools.checkstyle.checks.indentation.IndentationCheckTest:testTwoStatementsPerLine,1,1,1.0,1.0,1.0,0.0,0.0,0.0,1.0,1.0,1.0,0.0,0.0,0.0,0.0,1.0,1.0,0.0,true
com.puppycrawl.tools.checkstyle.checks.indentation.HandlerFactory:createMethodCallHandler,1,1,1.0,1.0,1.0,1.0,1.0,1.0,0.0,0.0,0.0,0.0,0.0,0.0,0.0,1.0,1.0,1.0,true
com.google.checkstyle.test.chapter4formatting.rule4822variabledistance.InputVariableDeclarationUsageDistanceCheck:testIssue32_2,1,1,2.0,2.0,2.0,0.0,0.0,0.0,2.0,2.0,2.0,0.0,0.0,0.0,0.0,1.0,0.5,0.0,true
com.puppycrawl.tools.checkstyle.checks.imports.ImportControlCheckTest:testBroken,3,3,17.0,9.0,5.666666666666667,0.0,0.0,0.0,17.0,9.0,5.666666666666667,0.0,0.0,0.0,0.0,0.3333333333333333,0.058823529411764705,0.0,true
com.puppycrawl.tools.checkstyle.internal.XdocsPagesTest:getModulePropertyExpectedTypeName,6,2,206.0,47.0,34.333333333333336,1.0,1.0,0.16666666666666666,205.0,46.0,34.16666666666667,0.0,8.0,-6.0,-6.0,0.8333333333333334,0.0048543689320388345,0.028985507246376812,true
com.puppycrawl.tools.checkstyle.checks.coding.finallocalvariable.InputFinalLocalVariableAssignedInsideAndOutsideSwitch:foo3,1,1,15.0,15.0,15.0,0.0,0.0,0.0,15.0,15.0,15.0,0.0,0.0,0.0,0.0,1.0,0.06666666666666667,0.0,true
com.puppycrawl.tools.checkstyle.checks.indentation.InputFinalInDefaultMethods:f,1,1,0.0,0.0,0.0,0.0,0.0,0.0,0.0,0.0,0.0,0.0,0.0,0.0,0.0,1.0,0.0,0.0,true
com.puppycrawl.tools.checkstyle.checks.coding.finallocalvariable.InputFinalLocalVariableAssignedInsideAndOutsideSwitch:foo2,1,1,15.0,15.0,15.0,0.0,0.0,0.0,15.0,15.0,15.0,0.0,0.0,0.0,0.0,1.0,0.06666666666666667,0.0,true
com.puppycrawl.tools.checkstyle.grammars.java8.InputLambda6:doSomething,1,1,0.0,0.0,0.0,0.0,0.0,0.0,0.0,0.0,0.0,0.0,0.0,0.0,0.0,1.0,0.0,0.0,true
com.google.checkstyle.test.chapter5naming.rule51identifiernames.CatchParameterNameTest:setConfigurationBuilder,1,1,1.0,1.0,1.0,0.0,0.0,0.0,1.0,1.0,1.0,0.0,0.0,0.0,0.0,1.0,1.0,0.0,true
com.puppycrawl.tools.checkstyle.checks.coding.finallocalvariable.InputFinalLocalVariableAssignedInsideAndOutsideSwitch:foo1,1,1,15.0,15.0,15.0,0.0,0.0,0.0,15.0,15.0,15.0,0.0,0.0,0.0,0.0,1.0,0.06666666666666667,0.0,true
com.puppycrawl.tools.checkstyle.TreeWalker:processFiltered,2,2,33.0,33.0,16.5,7.0,7.0,3.5,26.0,26.0,13.0,0.0,3.0,0.0,0.0,0.5,0.030303030303030304,0.05,true
com.puppycrawl.tools.checkstyle.checks.header.HeaderCheck:isIgnoreLine,1,1,0.0,0.0,0.0,0.0,0.0,0.0,0.0,0.0,0.0,0.0,0.0,0.0,0.0,1.0,0.0,0.0,true
com.puppycrawl.tools.checkstyle.checks.coding.OneStatementPerLineCheckTest:getPath,1,1,0.0,0.0,0.0,0.0,0.0,0.0,0.0,0.0,0.0,0.0,0.0,0.0,0.0,1.0,0.0,0.0,true
com.puppycrawl.tools.checkstyle.checks.javadoc.JavadocMethodCheck:hasShortCircuitTag,1,1,13.0,13.0,13.0,4.0,4.0,4.0,9.0,9.0,9.0,0.0,0.0,-1.0,-1.0,1.0,0.07692307692307693,0.11764705882352941,true
com.puppycrawl.tools.checkstyle.checks.design.OneTopLevelClassCheckTest:testAcceptableTokens,1,1,0.0,0.0,0.0,0.0,0.0,0.0,0.0,0.0,0.0,0.0,0.0,0.0,0.0,1.0,0.0,0.0,true
com.puppycrawl.tools.checkstyle.utils.ScopeUtilsTest:testIsLocalVariableDefUnexpected,1,1,12.0,12.0,12.0,0.0,0.0,0.0,12.0,12.0,12.0,0.0,0.0,0.0,0.0,1.0,0.08333333333333333,0.0,true
com.puppycrawl.tools.checkstyle.internal.XdocsPagesTest:validatePropertySectionPropertyJavadocTokens,1,1,18.0,18.0,18.0,1.0,1.0,1.0,17.0,17.0,17.0,0.0,4.0,1.0,1.0,1.0,0.05555555555555555,0.10526315789473684,true
com.puppycrawl.tools.checkstyle.checks.indentation.indentation.InputIndentationValidBlockIndent:InputIndentationValidBlockIndent,1,1,3.0,3.0,3.0,0.0,0.0,0.0,3.0,3.0,3.0,0.0,0.0,0.0,0.0,1.0,0.3333333333333333,0.0,true
com.puppycrawl.tools.checkstyle.CheckerTest:testClearLazyLoadCacheInDetailAST,1,1,16.0,16.0,16.0,0.0,0.0,0.0,16.0,16.0,16.0,0.0,0.0,0.0,0.0,1.0,0.0625,0.0,true
com.puppycrawl.tools.checkstyle.checks.coding.ReturnCountCheckTest:testFormat,1,1,2.0,2.0,2.0,0.0,0.0,0.0,2.0,2.0,2.0,0.0,0.0,0.0,0.0,1.0,0.5,0.0,true
com.puppycrawl.tools.checkstyle.checks.indentation.indentation.InputIndentationInvalidWhileIndent:InputIndentationInvalidWhileIndent,1,1,3.0,3.0,3.0,0.0,0.0,0.0,3.0,3.0,3.0,0.0,0.0,0.0,0.0,1.0,0.3333333333333333,0.0,true
com.google.checkstyle.test.chapter5naming.rule521packagenames.PackageNameTest:getPath,1,1,1.0,1.0,1.0,0.0,0.0,0.0,1.0,1.0,1.0,0.0,0.0,0.0,0.0,1.0,1.0,0.0,true
com.google.checkstyle.test.chapter5naming.rule521packagenames.PackageNameTest:testGoodPackageName,1,1,6.0,6.0,6.0,0.0,0.0,0.0,6.0,6.0,6.0,0.0,0.0,0.0,0.0,1.0,0.16666666666666666,0.0,true
com.puppycrawl.tools.checkstyle.checks.metrics.InputNPathComplexity:testSimpleSwitchWithDefault,1,1,12.0,12.0,12.0,0.0,0.0,0.0,12.0,12.0,12.0,0.0,0.0,0.0,0.0,1.0,0.08333333333333333,0.0,true
com.puppycrawl.tools.checkstyle.utils.AnnotationUtilityTest:testContainsAnnotationWithNull,1,1,9.0,9.0,9.0,0.0,0.0,0.0,9.0,9.0,9.0,0.0,0.0,0.0,0.0,1.0,0.1111111111111111,0.0,true
com.puppycrawl.tools.checkstyle.checks.indentation.IndentationCheckTest:test15Extensions,1,1,1.0,1.0,1.0,0.0,0.0,0.0,1.0,1.0,1.0,0.0,0.0,0.0,0.0,1.0,1.0,0.0,true
com.puppycrawl.tools.checkstyle.utils.TokenUtilsTest:testTokenValueCorrect,1,1,6.0,6.0,6.0,0.0,0.0,0.0,6.0,6.0,6.0,0.0,0.0,0.0,0.0,1.0,0.16666666666666666,0.0,true
com.puppycrawl.tools.checkstyle.checks.indentation.IndentationCheckTest:testEmptyArray,1,1,6.0,6.0,6.0,0.0,0.0,0.0,6.0,6.0,6.0,0.0,0.0,0.0,0.0,1.0,0.16666666666666666,0.0,true
com.puppycrawl.tools.checkstyle.checks.sizes.MethodCountCheckTest:testOnInterfaceDefinitionWithField,1,1,1.0,1.0,1.0,0.0,0.0,0.0,1.0,1.0,1.0,0.0,0.0,0.0,0.0,1.0,1.0,0.0,true
com.puppycrawl.tools.checkstyle.checks.indentation.indentation.InputIndentationValidMethodIndent:method6,1,1,0.0,0.0,0.0,0.0,0.0,0.0,0.0,0.0,0.0,0.0,0.0,0.0,0.0,1.0,0.0,0.0,true
com.puppycrawl.tools.checkstyle.grammars.java8.InputLambda3:testVoidLambda,1,1,1.0,1.0,1.0,0.0,0.0,0.0,1.0,1.0,1.0,0.0,0.0,0.0,0.0,1.0,1.0,0.0,true
com.puppycrawl.tools.checkstyle.utils.ModuleReflectionUtils:isCheckstyleModule,1,1,4.0,4.0,4.0,0.0,0.0,0.0,4.0,4.0,4.0,0.0,0.0,0.0,0.0,1.0,0.25,0.0,true
com.puppycrawl.tools.checkstyle.PropertyCacheFile:areExternalResourcesChanged,2,2,14.0,14.0,7.0,29.0,29.0,14.5,-15.0,-15.0,-7.5,0.0,0.0,0.0,0.0,0.5,0.07142857142857142,0.046511627906976744,true
com.puppycrawl.tools.checkstyle.api.FileContents:hasIntersectionWithSingleLineComment,2,2,16.0,12.0,8.0,0.0,0.0,0.0,16.0,12.0,8.0,0.0,0.0,0.0,0.0,0.5,0.0625,0.0,true
com.puppycrawl.tools.checkstyle.gui.ParseTreeTablePresentationTest:testJavadocChild,3,3,35.0,13.0,11.666666666666666,0.0,0.0,0.0,35.0,13.0,11.666666666666666,0.0,0.0,0.0,0.0,0.3333333333333333,0.02857142857142857,0.0,true
com.puppycrawl.tools.checkstyle.checks.FileContentsHolder:getContents,2,2,2.0,2.0,1.0,1.0,1.0,0.5,1.0,1.0,0.5,0.0,0.0,0.0,0.0,0.5,0.5,0.6666666666666666,true
com.puppycrawl.tools.checkstyle.checks.naming.AbbreviationAsWordInNameCheckTest:testTypeAndVariablesAndMethodNamesWithIgnores,2,2,18.0,10.0,9.0,0.0,0.0,0.0,18.0,10.0,9.0,0.0,0.0,0.0,0.0,0.5,0.05555555555555555,0.0,true
com.puppycrawl.tools.checkstyle.internal.XdocsPagesTest:testAllStyleRules,4,2,61.0,34.0,15.25,6.0,6.0,1.5,55.0,28.0,13.75,0.0,5.0,-2.0,-2.0,0.75,0.01639344262295082,0.05970149253731343,true
com.puppycrawl.tools.checkstyle.checks.whitespace.separatorwrap.InputSeparatorWrapForTestMethodRef:badCase,1,1,4.0,4.0,4.0,0.0,0.0,0.0,4.0,4.0,4.0,0.0,0.0,0.0,0.0,1.0,0.25,0.0,true
com.puppycrawl.tools.checkstyle.ant.CheckstyleAntTaskTest:testSetPropertiesNonExistingFile,1,1,0.0,0.0,0.0,0.0,0.0,0.0,0.0,0.0,0.0,0.0,0.0,0.0,0.0,1.0,0.0,0.0,true
com.puppycrawl.tools.checkstyle.AstTreeStringPrinterTest:testParseFileThrowable,1,1,11.0,11.0,11.0,0.0,0.0,0.0,11.0,11.0,11.0,0.0,0.0,0.0,0.0,1.0,0.09090909090909091,0.0,true
com.puppycrawl.tools.checkstyle.checks.indentation.BlockParentHandler:getLeftCurly,1,1,5.0,5.0,5.0,0.0,0.0,0.0,5.0,5.0,5.0,0.0,0.0,0.0,0.0,1.0,0.2,0.0,true
com.puppycrawl.tools.checkstyle.checks.annotation.MissingOverrideCheckTest:testBadOverrideFromOther,1,1,2.0,2.0,2.0,0.0,0.0,0.0,2.0,2.0,2.0,0.0,0.0,0.0,0.0,1.0,0.5,0.0,true
com.puppycrawl.tools.checkstyle.checks.header.HeaderCheckTest:testEmptyFilename,1,1,1.0,1.0,1.0,0.0,0.0,0.0,1.0,1.0,1.0,0.0,0.0,0.0,0.0,1.0,1.0,0.0,true
com.puppycrawl.tools.checkstyle.TreeWalker:destroy,1,1,2.0,2.0,2.0,4.0,4.0,4.0,-2.0,-2.0,-2.0,0.0,0.0,0.0,0.0,1.0,0.5,0.3333333333333333,true
com.puppycrawl.tools.checkstyle.checks.coding.ArrayTrailingCommaCheck:visitToken,1,1,2.0,2.0,2.0,3.0,3.0,3.0,-1.0,-1.0,-1.0,0.0,1.0,0.0,0.0,1.0,0.5,0.4,true
com.puppycrawl.tools.checkstyle.checks.AvoidEscapedUnicodeCharactersCheckTest:testGetRequiredTokens,1,1,0.0,0.0,0.0,0.0,0.0,0.0,0.0,0.0,0.0,0.0,0.0,0.0,0.0,1.0,0.0,0.0,true
com.puppycrawl.tools.checkstyle.checks.OuterTypeFilenameCheckTest:testGetAcceptableTokens,1,1,0.0,0.0,0.0,0.0,0.0,0.0,0.0,0.0,0.0,0.0,0.0,0.0,0.0,1.0,0.0,0.0,true
com.puppycrawl.tools.checkstyle.checks.modifier.RedundantModifierCheck:processMethods,2,1,15.0,15.0,7.5,12.0,12.0,6.0,3.0,3.0,1.5,0.0,1.0,0.0,0.0,1.0,0.06666666666666667,0.07407407407407407,true
com.puppycrawl.tools.checkstyle.checks.TranslationCheck:setBaseName,1,1,1.0,1.0,1.0,0.0,0.0,0.0,1.0,1.0,1.0,0.0,0.0,0.0,0.0,1.0,1.0,0.0,true
com.puppycrawl.tools.checkstyle.checks.design.ThrowsCountCheckTest:getPath,1,1,0.0,0.0,0.0,0.0,0.0,0.0,0.0,0.0,0.0,0.0,0.0,0.0,0.0,1.0,0.0,0.0,true
com.puppycrawl.tools.checkstyle.checks.coding.fallthrough.InputFallThrough:method1472228,1,1,9.0,9.0,9.0,0.0,0.0,0.0,9.0,9.0,9.0,0.0,0.0,0.0,0.0,1.0,0.1111111111111111,0.0,true
com.puppycrawl.tools.checkstyle.api.abstractcheck.InputAbstractCheckTestFileContence:getVariable,1,1,3.0,3.0,3.0,0.0,0.0,0.0,3.0,3.0,3.0,0.0,0.0,0.0,0.0,1.0,0.3333333333333333,0.0,true
com.puppycrawl.tools.checkstyle.utils.ModuleReflectionUtilsTest:testIsFilterModule,2,2,10.0,7.0,5.0,2.0,2.0,1.0,8.0,5.0,4.0,0.0,0.0,0.0,0.0,0.5,0.1,0.16666666666666666,true
com.puppycrawl.tools.checkstyle.utils.JavadocUtilsTest:testGetFirstToken,1,1,4.0,4.0,4.0,0.0,0.0,0.0,4.0,4.0,4.0,0.0,0.0,0.0,0.0,1.0,0.25,0.0,true
com.puppycrawl.tools.checkstyle.checks.indentation.CommentsIndentationCheck:isDefinition,1,1,1.0,1.0,1.0,0.0,0.0,0.0,1.0,1.0,1.0,0.0,0.0,0.0,0.0,1.0,1.0,0.0,false
com.puppycrawl.tools.checkstyle.checks.whitespace.whitespaceafter.InputWhitespaceAfterLiteralWhile:testDo,1,1,8.0,8.0,8.0,0.0,0.0,0.0,8.0,8.0,8.0,0.0,0.0,0.0,0.0,1.0,0.125,0.0,true
com.puppycrawl.tools.checkstyle.checks.TranslationCheckTest:testDefaultTranslationFileIsMissing,1,1,0.0,0.0,0.0,0.0,0.0,0.0,0.0,0.0,0.0,0.0,0.0,0.0,0.0,1.0,0.0,0.0,true
com.puppycrawl.tools.checkstyle.checks.javadoc.JavadocParagraphCheck:isEmptyLine,3,3,12.0,12.0,4.0,3.0,3.0,1.0,9.0,9.0,3.0,0.0,0.0,0.0,0.0,0.3333333333333333,0.16666666666666666,0.26666666666666666,true
com.puppycrawl.tools.checkstyle.checks.design.designforextension.InputDesignForExtensionIgnoredAnnotations:setAge,1,1,3.0,3.0,3.0,0.0,0.0,0.0,3.0,3.0,3.0,0.0,0.0,0.0,0.0,1.0,0.3333333333333333,0.0,true
com.puppycrawl.tools.checkstyle.checks.indentation.IndentationCheckTest:testAnonClassesFromGuava,1,1,1.0,1.0,1.0,0.0,0.0,0.0,1.0,1.0,1.0,0.0,0.0,0.0,0.0,1.0,1.0,0.0,true
com.puppycrawl.tools.checkstyle.checks.coding.IllegalTypeCheck:isMatchingClassName,2,2,1.0,1.0,0.5,1.0,1.0,0.5,0.0,0.0,0.0,0.0,0.0,0.0,0.0,0.5,1.0,1.0,true
com.puppycrawl.tools.checkstyle.checks.indentation.ClassDefHandler:checkIndentation,1,1,51.0,51.0,51.0,4.0,4.0,4.0,47.0,47.0,47.0,0.0,3.0,-1.0,-1.0,1.0,0.0196078431372549,0.03636363636363636,true
com.puppycrawl.tools.checkstyle.CheckerTest:testDefaultLoggerClosesItStreams,2,2,11.0,11.0,5.5,0.0,0.0,0.0,11.0,11.0,5.5,0.0,0.0,0.0,0.0,0.5,0.09090909090909091,0.0,true
com.puppycrawl.tools.checkstyle.checks.whitespace.WhitespaceAroundCheck:isEmptyBlock,1,1,6.0,6.0,6.0,1.0,1.0,1.0,5.0,5.0,5.0,0.0,0.0,-1.0,-1.0,1.0,0.16666666666666666,0.2857142857142857,true
com.puppycrawl.tools.checkstyle.utils.CheckUtilsTest:testCreateFullTypeOfArray,1,1,21.0,21.0,21.0,0.0,0.0,0.0,21.0,21.0,21.0,0.0,0.0,0.0,0.0,1.0,0.047619047619047616,0.0,true
com.puppycrawl.tools.checkstyle.grammars.java8.InputLambda2:testVoidLambda,1,1,0.0,0.0,0.0,0.0,0.0,0.0,0.0,0.0,0.0,0.0,0.0,0.0,0.0,1.0,0.0,0.0,true
com.puppycrawl.tools.checkstyle.utils.checkutils.InputCheckUtilsTest:setField,1,1,9.0,9.0,9.0,0.0,0.0,0.0,9.0,9.0,9.0,0.0,1.0,-1.0,-1.0,1.0,0.1111111111111111,0.0,true
com.google.checkstyle.test.chapter6programpractice.rule64finalizers.NoFinalizerTest:testNoFinalizerBasic,1,1,8.0,8.0,8.0,0.0,0.0,0.0,8.0,8.0,8.0,0.0,0.0,0.0,0.0,1.0,0.125,0.0,true
com.google.checkstyle.test.chapter3filestructure.rule332nolinewrap.NoLineWrapTest:testGoodLineWrap,1,1,7.0,7.0,7.0,0.0,0.0,0.0,7.0,7.0,7.0,0.0,0.0,0.0,0.0,1.0,0.14285714285714285,0.0,true
com.puppycrawl.tools.checkstyle.checks.metrics.ClassFanOutComplexityCheckTest:testExcludedPackagesCommonPackagesWithEndingDot,2,2,7.0,7.0,3.5,0.0,0.0,0.0,7.0,7.0,3.5,0.0,0.0,0.0,0.0,0.5,0.14285714285714285,0.0,true
com.puppycrawl.tools.checkstyle.internal.XdocsPagesTest:fixCapturedProperties,3,2,34.0,18.0,11.333333333333334,1.0,1.0,0.3333333333333333,33.0,17.0,11.0,0.0,5.0,1.0,1.0,0.6666666666666666,0.029411764705882353,0.08571428571428572,true
com.puppycrawl.tools.checkstyle.DefaultConfigurationTest:testExceptionForNonExistingAttribute,2,2,24.0,12.0,12.0,0.0,0.0,0.0,24.0,12.0,12.0,0.0,0.0,0.0,0.0,0.5,0.08333333333333333,0.0,true
com.puppycrawl.tools.checkstyle.checks.annotation.AnnotationUseStyleCheckTest:testCommaNeverNoViolations,1,1,6.0,6.0,6.0,0.0,0.0,0.0,6.0,6.0,6.0,0.0,0.0,0.0,0.0,1.0,0.16666666666666666,0.0,true
com.puppycrawl.tools.checkstyle.checks.imports.ImportOrderCheck:checkSeparatorInGroup,1,1,16.0,16.0,16.0,0.0,0.0,0.0,16.0,16.0,16.0,0.0,1.0,0.0,0.0,1.0,0.0625,0.0,true
com.puppycrawl.tools.checkstyle.DefaultLoggerTest:testCtor,2,2,4.0,3.0,2.0,0.0,0.0,0.0,4.0,3.0,2.0,0.0,0.0,0.0,0.0,0.5,0.25,0.0,true
com.puppycrawl.tools.checkstyle.checks.design.FinalClassCheckTest:testClassWithPrivateCtorAndNestedExtendingSubclassWithoutPackage,1,1,0.0,0.0,0.0,0.0,0.0,0.0,0.0,0.0,0.0,0.0,0.0,0.0,0.0,1.0,0.0,0.0,true
com.puppycrawl.tools.checkstyle.AstTreeStringPrinter:printJavaAndJavadocTree,1,1,3.0,3.0,3.0,0.0,0.0,0.0,3.0,3.0,3.0,0.0,0.0,0.0,0.0,1.0,0.3333333333333333,0.0,true
com.puppycrawl.tools.checkstyle.checks.metrics.BooleanExpressionComplexityCheckTest:testWrongToken,2,2,10.0,10.0,5.0,1.0,1.0,0.5,9.0,9.0,4.5,0.0,0.0,0.0,0.0,0.5,0.1,0.18181818181818182,true
com.puppycrawl.tools.checkstyle.checks.imports.CustomImportOrderCheckTest:testSamePackageDepthNegative,3,3,45.0,44.0,15.0,8.0,8.0,2.6666666666666665,37.0,36.0,12.333333333333334,0.0,0.0,0.0,0.0,0.3333333333333333,0.022222222222222223,0.05660377358490566,true
com.puppycrawl.tools.checkstyle.checks.header.RegexpHeaderCheckTest:testSetHeaderSimple,1,1,12.0,12.0,12.0,0.0,0.0,0.0,12.0,12.0,12.0,0.0,0.0,0.0,0.0,1.0,0.08333333333333333,0.0,true
com.puppycrawl.tools.checkstyle.utils.ScopeUtilsTest:testIsInScope,1,1,12.0,12.0,12.0,0.0,0.0,0.0,12.0,12.0,12.0,0.0,0.0,0.0,0.0,1.0,0.08333333333333333,0.0,true
com.puppycrawl.tools.checkstyle.checks.indentation.HandlerFactory:HandlerFactory,1,1,2.0,2.0,2.0,0.0,0.0,0.0,2.0,2.0,2.0,0.0,0.0,0.0,0.0,1.0,0.5,0.0,true
com.puppycrawl.tools.checkstyle.checks.whitespace.NoLineWrapCheck:getAcceptableTokens,1,1,0.0,0.0,0.0,0.0,0.0,0.0,0.0,0.0,0.0,0.0,0.0,0.0,0.0,1.0,0.0,0.0,true
com.puppycrawl.tools.checkstyle.utils.CheckUtilsTest:testEquals,1,1,21.0,21.0,21.0,0.0,0.0,0.0,21.0,21.0,21.0,0.0,0.0,0.0,0.0,1.0,0.047619047619047616,0.0,true
com.puppycrawl.tools.checkstyle.MainTest:testDebugOption,1,1,26.0,26.0,26.0,90.0,90.0,90.0,-64.0,-64.0,-64.0,0.0,0.0,0.0,0.0,1.0,0.038461538461538464,0.017241379310344827,true
com.puppycrawl.tools.checkstyle.checks.indentation.IndentationCheckTest:testInvalidClassDefWithChecker,1,1,1.0,1.0,1.0,0.0,0.0,0.0,1.0,1.0,1.0,0.0,0.0,0.0,0.0,1.0,1.0,0.0,true
com.puppycrawl.tools.checkstyle.checks.javadoc.AbstractJavadocCheck:shouldBeProcessed,2,2,19.0,12.0,9.5,0.0,0.0,0.0,19.0,12.0,9.5,0.0,0.0,0.0,0.0,0.5,0.05263157894736842,0.0,true
com.google.checkstyle.test.chapter4formatting.rule485annotations.InputAnnotationLocationVariables:foo2,1,1,2.0,2.0,2.0,0.0,0.0,0.0,2.0,2.0,2.0,0.0,0.0,0.0,0.0,1.0,0.5,0.0,true
com.google.checkstyle.test.chapter4formatting.rule485annotations.InputAnnotationLocationVariables:foo1,1,1,2.0,2.0,2.0,0.0,0.0,0.0,2.0,2.0,2.0,0.0,0.0,0.0,0.0,1.0,0.5,0.0,true
com.puppycrawl.tools.checkstyle.checks.imports.ImportControlLoader:getStrategyForImportControl,2,2,10.0,9.0,5.0,0.0,0.0,0.0,10.0,9.0,5.0,0.0,1.0,0.0,0.0,0.5,0.1,0.0,true
com.puppycrawl.tools.checkstyle.checks.sizes.OuterTypeNumberCheckTest:testMax30,1,1,2.0,2.0,2.0,0.0,0.0,0.0,2.0,2.0,2.0,0.0,0.0,0.0,0.0,1.0,0.5,0.0,true
com.puppycrawl.tools.checkstyle.checks.blocks.LeftCurlyCheckTest:testFirstLine,1,1,2.0,2.0,2.0,0.0,0.0,0.0,2.0,2.0,2.0,0.0,0.0,0.0,0.0,1.0,0.5,0.0,true
com.puppycrawl.tools.checkstyle.checks.imports.ImportControlTest:testUnknownPkg,1,1,1.0,1.0,1.0,0.0,0.0,0.0,1.0,1.0,1.0,0.0,0.0,0.0,0.0,1.0,1.0,0.0,true
com.puppycrawl.tools.checkstyle.gui.ParseTreeTablePresentationTest:testColumnMethods,3,3,30.0,13.0,10.0,0.0,0.0,0.0,30.0,13.0,10.0,0.0,0.0,0.0,0.0,0.3333333333333333,0.03333333333333333,0.0,true
com.puppycrawl.tools.checkstyle.checks.blocks.rightcurly.InputRightCurlySingelineIfBlocks:foo1,1,1,10.0,10.0,10.0,0.0,0.0,0.0,10.0,10.0,10.0,0.0,3.0,0.0,0.0,1.0,0.1,0.0,true
com.puppycrawl.tools.checkstyle.checks.blocks.NeedBracesCheckTest:testSingleLineLambda,1,1,2.0,2.0,2.0,0.0,0.0,0.0,2.0,2.0,2.0,0.0,0.0,0.0,0.0,1.0,0.5,0.0,true
com.puppycrawl.tools.checkstyle.MainTest:testExcludeDirectoryNotMatch,1,1,8.0,8.0,8.0,0.0,0.0,0.0,8.0,8.0,8.0,0.0,0.0,0.0,0.0,1.0,0.125,0.0,true
com.puppycrawl.tools.checkstyle.checks.javadoc.JavadocMethodCheckTest:extendAnnotationTest,1,1,0.0,0.0,0.0,0.0,0.0,0.0,0.0,0.0,0.0,0.0,0.0,0.0,0.0,1.0,0.0,0.0,true
com.puppycrawl.tools.checkstyle.checks.naming.AbbreviationAsWordInNameCheckTest:testTypeNamesForFourPermittedCapitalLetters,2,2,18.0,10.0,9.0,0.0,0.0,0.0,18.0,10.0,9.0,0.0,0.0,0.0,0.0,0.5,0.05555555555555555,0.0,true
com.puppycrawl.tools.checkstyle.gui.ParseTreeTablePresentationTest:testChild,2,2,23.0,13.0,11.5,0.0,0.0,0.0,23.0,13.0,11.5,0.0,0.0,0.0,0.0,0.5,0.043478260869565216,0.0,true
com.puppycrawl.tools.checkstyle.grammars.javadoc.JavadocParseTreeTest:mixedCaseOfHtmlTags,2,1,0.0,0.0,0.0,5.0,5.0,2.5,-5.0,-5.0,-2.5,0.0,0.0,0.0,0.0,1.0,0.0,0.0,true
com.puppycrawl.tools.checkstyle.gui.CodeSelectorPresentationTest:getPath,1,1,7.0,7.0,7.0,0.0,0.0,0.0,7.0,7.0,7.0,0.0,0.0,0.0,0.0,1.0,0.14285714285714285,0.0,true
com.puppycrawl.tools.checkstyle.checks.javadoc.JavadocParagraphCheck:isFirstParagraph,3,3,12.0,12.0,4.0,3.0,3.0,1.0,9.0,9.0,3.0,0.0,0.0,0.0,0.0,0.3333333333333333,0.16666666666666666,0.26666666666666666,true
com.puppycrawl.tools.checkstyle.gui.ParseTreeTablePresentation:getJavadocTree,1,1,77.0,77.0,77.0,4.0,4.0,4.0,73.0,73.0,73.0,0.0,1.0,-1.0,-1.0,1.0,0.012987012987012988,0.024691358024691357,true
com.puppycrawl.tools.checkstyle.CheckerTest:testRemoveFilter,1,1,5.0,5.0,5.0,0.0,0.0,0.0,5.0,5.0,5.0,0.0,0.0,0.0,0.0,1.0,0.2,0.0,true
com.puppycrawl.tools.checkstyle.checks.naming.parametername.InputParameterNameCatchOnly:InputParameterNameCatchOnly,1,1,3.0,3.0,3.0,0.0,0.0,0.0,3.0,3.0,3.0,0.0,0.0,0.0,0.0,1.0,0.3333333333333333,0.0,true
com.puppycrawl.tools.checkstyle.checks.javadoc.JavadocParagraphCheck:isLastEmptyLine,3,3,12.0,12.0,4.0,3.0,3.0,1.0,9.0,9.0,3.0,0.0,0.0,0.0,0.0,0.3333333333333333,0.16666666666666666,0.26666666666666666,true
com.puppycrawl.tools.checkstyle.Main:convertCliToPojo,1,1,2.0,2.0,2.0,0.0,0.0,0.0,2.0,2.0,2.0,0.0,0.0,0.0,0.0,1.0,0.5,0.0,true
com.puppycrawl.tools.checkstyle.checks.whitespace.whitespaceafter.InputWhitespaceAfterLiteralElse:testDo,1,1,8.0,8.0,8.0,0.0,0.0,0.0,8.0,8.0,8.0,0.0,0.0,0.0,0.0,1.0,0.125,0.0,true
com.puppycrawl.tools.checkstyle.checks.TrailingCommentCheckTest:testGetRequiredTokens,1,1,0.0,0.0,0.0,0.0,0.0,0.0,0.0,0.0,0.0,0.0,0.0,0.0,0.0,1.0,0.0,0.0,true
com.puppycrawl.tools.checkstyle.CheckerTest:testSetFileSetCheckSetsMessageDispatcher,2,1,6.0,6.0,3.0,0.0,0.0,0.0,6.0,6.0,3.0,0.0,0.0,0.0,0.0,1.0,0.16666666666666666,0.0,true
com.puppycrawl.tools.checkstyle.checks.annotation.AnnotationUseStyleCheckTest:testCommaNeverViolations,1,1,6.0,6.0,6.0,0.0,0.0,0.0,6.0,6.0,6.0,0.0,0.0,0.0,0.0,1.0,0.16666666666666666,0.0,true
com.puppycrawl.tools.checkstyle.checks.indentation.CatchHandler:checkCondExpr,1,1,1.0,1.0,1.0,0.0,0.0,0.0,1.0,1.0,1.0,0.0,0.0,0.0,0.0,1.0,1.0,0.0,true
com.puppycrawl.tools.checkstyle.TreeWalker:setupChild,1,1,0.0,0.0,0.0,0.0,0.0,0.0,0.0,0.0,0.0,0.0,0.0,0.0,0.0,1.0,0.0,0.0,true
com.puppycrawl.tools.checkstyle.checks.javadoc.AbstractJavadocCheck:getAcceptableTokens,1,1,3.0,3.0,3.0,0.0,0.0,0.0,3.0,3.0,3.0,0.0,0.0,0.0,0.0,1.0,0.3333333333333333,0.0,true
com.puppycrawl.tools.checkstyle.ant.CheckstyleAntTaskTest:testSetPropertiesFile,1,1,10.0,10.0,10.0,0.0,0.0,0.0,10.0,10.0,10.0,0.0,0.0,0.0,0.0,1.0,0.1,0.0,true
com.puppycrawl.tools.checkstyle.checks.imports.UnusedImportsCheck:isUnusedImport,1,1,1.0,1.0,1.0,0.0,0.0,0.0,1.0,1.0,1.0,0.0,0.0,0.0,0.0,1.0,1.0,0.0,true
com.puppycrawl.tools.checkstyle.grammars.javadoc.JavadocParseTreeTest:testTwoLinkTagsInRow,2,1,3.0,3.0,1.5,0.0,0.0,0.0,3.0,3.0,1.5,0.0,0.0,0.0,0.0,1.0,0.3333333333333333,0.0,true
com.puppycrawl.tools.checkstyle.checks.whitespace.whitespacearound.InputWhitespaceAroundSwitch:switchTest,1,1,10.0,10.0,10.0,0.0,0.0,0.0,10.0,10.0,10.0,0.0,0.0,0.0,0.0,1.0,0.1,0.0,true
com.puppycrawl.tools.checkstyle.api.FileText:fromLines,1,1,4.0,4.0,4.0,0.0,0.0,0.0,4.0,4.0,4.0,0.0,0.0,0.0,0.0,1.0,0.25,0.0,true
com.google.checkstyle.test.chapter4formatting.rule412nonemptyblocks.InputRightCurlyDoWhileAlone:foo9,1,1,5.0,5.0,5.0,0.0,0.0,0.0,5.0,5.0,5.0,0.0,0.0,0.0,0.0,1.0,0.2,0.0,true
com.puppycrawl.tools.checkstyle.utils.CommonUtils:getFileNameWithoutExtension,1,1,13.0,13.0,13.0,0.0,0.0,0.0,13.0,13.0,13.0,0.0,1.0,-1.0,-1.0,1.0,0.07692307692307693,0.0,true
com.google.checkstyle.test.chapter4formatting.rule412nonemptyblocks.InputRightCurlyDoWhileAlone:foo8,1,1,5.0,5.0,5.0,0.0,0.0,0.0,5.0,5.0,5.0,0.0,0.0,0.0,0.0,1.0,0.2,0.0,true
com.google.checkstyle.test.chapter4formatting.rule412nonemptyblocks.InputRightCurlyDoWhileAlone:foo7,1,1,5.0,5.0,5.0,0.0,0.0,0.0,5.0,5.0,5.0,0.0,0.0,0.0,0.0,1.0,0.2,0.0,true
com.puppycrawl.tools.checkstyle.gui.ParseTreeTablePresentationTest:testRoot,2,2,23.0,13.0,11.5,0.0,0.0,0.0,23.0,13.0,11.5,0.0,0.0,0.0,0.0,0.5,0.043478260869565216,0.0,true
com.google.checkstyle.test.chapter4formatting.rule412nonemptyblocks.InputRightCurlyDoWhileAlone:foo6,1,1,5.0,5.0,5.0,0.0,0.0,0.0,5.0,5.0,5.0,0.0,0.0,0.0,0.0,1.0,0.2,0.0,true
com.google.checkstyle.test.chapter4formatting.rule412nonemptyblocks.InputRightCurlyDoWhileAlone:foo5,1,1,5.0,5.0,5.0,0.0,0.0,0.0,5.0,5.0,5.0,0.0,0.0,0.0,0.0,1.0,0.2,0.0,true
com.puppycrawl.tools.checkstyle.PackageObjectFactory:getAllPossibleNames,2,2,1.0,1.0,0.5,2.0,2.0,1.0,-1.0,-1.0,-0.5,0.0,0.0,0.0,0.0,0.5,1.0,0.6666666666666666,true
com.google.checkstyle.test.chapter4formatting.rule412nonemptyblocks.InputRightCurlyDoWhileAlone:foo4,1,1,5.0,5.0,5.0,0.0,0.0,0.0,5.0,5.0,5.0,0.0,0.0,0.0,0.0,1.0,0.2,0.0,true
com.google.checkstyle.test.chapter4formatting.rule412nonemptyblocks.InputRightCurlyDoWhileAlone:foo3,1,1,5.0,5.0,5.0,0.0,0.0,0.0,5.0,5.0,5.0,0.0,0.0,0.0,0.0,1.0,0.2,0.0,true
com.google.checkstyle.test.chapter4formatting.rule412nonemptyblocks.InputRightCurlyDoWhileAlone:foo2,1,1,5.0,5.0,5.0,0.0,0.0,0.0,5.0,5.0,5.0,0.0,0.0,0.0,0.0,1.0,0.2,0.0,true
com.google.checkstyle.test.chapter4formatting.rule412nonemptyblocks.InputRightCurlyDoWhileAlone:foo1,1,1,5.0,5.0,5.0,0.0,0.0,0.0,5.0,5.0,5.0,0.0,0.0,0.0,0.0,1.0,0.2,0.0,true
com.puppycrawl.tools.checkstyle.checks.blocks.LeftCurlyCheckTest:testDefault,1,1,2.0,2.0,2.0,0.0,0.0,0.0,2.0,2.0,2.0,0.0,0.0,0.0,0.0,1.0,0.5,0.0,true
com.puppycrawl.tools.checkstyle.checks.indentation.AbstractExpressionHandler:checkLeftParen,1,1,6.0,6.0,6.0,0.0,0.0,0.0,6.0,6.0,6.0,0.0,1.0,0.0,0.0,1.0,0.16666666666666666,0.0,true
com.puppycrawl.tools.checkstyle.checks.coding.PackageDeclarationCheckTest:testFileForDiffDirectoryMismatch,2,2,6.0,6.0,3.0,0.0,0.0,0.0,6.0,6.0,3.0,0.0,0.0,0.0,0.0,0.5,0.16666666666666666,0.0,true
com.puppycrawl.tools.checkstyle.checks.coding.DeclarationOrderCheck:getAllTokensOfType,1,1,2.0,2.0,2.0,0.0,0.0,0.0,2.0,2.0,2.0,0.0,0.0,0.0,0.0,1.0,0.5,0.0,true
com.puppycrawl.tools.checkstyle.internal.CheckUtil:getConfigCheckStyleModules,1,1,10.0,10.0,10.0,3.0,3.0,3.0,7.0,7.0,7.0,0.0,0.0,0.0,0.0,1.0,0.1,0.15384615384615385,true
com.puppycrawl.tools.checkstyle.checks.naming.CatchParameterNameCheckTest:testTokens,1,1,0.0,0.0,0.0,0.0,0.0,0.0,0.0,0.0,0.0,0.0,0.0,0.0,0.0,1.0,0.0,0.0,true
com.puppycrawl.tools.checkstyle.checks.imports.AbstractImportRule:isRegExp,2,2,13.0,13.0,6.5,0.0,0.0,0.0,13.0,13.0,6.5,0.0,2.0,-1.0,-1.0,0.5,0.07692307692307693,0.0,true
com.puppycrawl.tools.checkstyle.utils.CommonUtilsTest:testIsName,1,1,3.0,3.0,3.0,0.0,0.0,0.0,3.0,3.0,3.0,0.0,0.0,0.0,0.0,1.0,0.3333333333333333,0.0,true
com.puppycrawl.tools.checkstyle.utils.ScopeUtils:isLocalVariableDef,1,1,7.0,7.0,7.0,0.0,0.0,0.0,7.0,7.0,7.0,0.0,1.0,0.0,0.0,1.0,0.14285714285714285,0.0,true
com.puppycrawl.tools.checkstyle.checks.annotation.AnnotationLocationCheck:getAnnotationName,1,1,0.0,0.0,0.0,0.0,0.0,0.0,0.0,0.0,0.0,0.0,0.0,0.0,0.0,1.0,0.0,0.0,true
com.puppycrawl.tools.checkstyle.filters.SuppressionsLoaderTest:testLoadFromNonExistingUrl,2,2,19.0,18.0,9.5,0.0,0.0,0.0,19.0,18.0,9.5,0.0,0.0,0.0,0.0,0.5,0.05263157894736842,0.0,true
com.puppycrawl.tools.checkstyle.checks.sizes.AnonInnerLengthCheck:setMax,1,1,0.0,0.0,0.0,0.0,0.0,0.0,0.0,0.0,0.0,0.0,0.0,0.0,0.0,1.0,0.0,0.0,true
com.puppycrawl.tools.checkstyle.checks.indentation.IndentationCheckTest:testInvalidLabelWithWhileLoop,1,1,1.0,1.0,1.0,0.0,0.0,0.0,1.0,1.0,1.0,0.0,0.0,0.0,0.0,1.0,1.0,0.0,true
com.puppycrawl.tools.checkstyle.checks.whitespace.whitespaceafter.InputWhitespaceAfterLiteralIf:testWhile,1,1,8.0,8.0,8.0,0.0,0.0,0.0,8.0,8.0,8.0,0.0,0.0,0.0,0.0,1.0,0.125,0.0,true
com.puppycrawl.tools.checkstyle.checks.TrailingCommentCheck:setLegalComment,1,1,2.0,2.0,2.0,0.0,0.0,0.0,2.0,2.0,2.0,0.0,0.0,0.0,0.0,1.0,0.5,0.0,true
com.puppycrawl.tools.checkstyle.checks.regexp.RegexpSinglelineJavaCheckTest:testIgnoreCommentsFalseBlockStyle,1,1,7.0,7.0,7.0,0.0,0.0,0.0,7.0,7.0,7.0,0.0,0.0,0.0,0.0,1.0,0.14285714285714285,0.0,true
com.puppycrawl.tools.checkstyle.utils.ScopeUtilsTest:testSurroundingScope,1,1,12.0,12.0,12.0,0.0,0.0,0.0,12.0,12.0,12.0,0.0,0.0,0.0,0.0,1.0,0.08333333333333333,0.0,true
com.puppycrawl.tools.checkstyle.checks.whitespace.parenpad.InputParenPadLambdaWithSpace:someMethod,1,1,2.0,2.0,2.0,0.0,0.0,0.0,2.0,2.0,2.0,0.0,0.0,0.0,0.0,1.0,0.5,0.0,true
com.puppycrawl.tools.checkstyle.utils.ScopeUtilsTest:getNode,1,1,12.0,12.0,12.0,0.0,0.0,0.0,12.0,12.0,12.0,0.0,0.0,0.0,0.0,1.0,0.08333333333333333,0.0,true
com.puppycrawl.tools.checkstyle.CheckerTest:testAddBeforeExecutionFileFilterAsChild,1,1,6.0,6.0,6.0,0.0,0.0,0.0,6.0,6.0,6.0,0.0,0.0,0.0,0.0,1.0,0.16666666666666666,0.0,true
com.puppycrawl.tools.checkstyle.checks.imports.ImportControlCheck:setPath,1,1,5.0,5.0,5.0,2.0,2.0,2.0,3.0,3.0,3.0,0.0,0.0,0.0,0.0,1.0,0.2,0.2857142857142857,true
com.puppycrawl.tools.checkstyle.PropertyCacheFileTest:testFlushAndCloseCacheFileOutputStream,1,1,6.0,6.0,6.0,0.0,0.0,0.0,6.0,6.0,6.0,0.0,0.0,0.0,0.0,1.0,0.16666666666666666,0.0,true
com.puppycrawl.tools.checkstyle.checks.indentation.indentation.InputIndentationInvalidTryIndent:InputIndentationInvalidTryIndent,1,1,3.0,3.0,3.0,0.0,0.0,0.0,3.0,3.0,3.0,0.0,0.0,0.0,0.0,1.0,0.3333333333333333,0.0,true
com.puppycrawl.tools.checkstyle.checks.header.RegexpHeaderCheckTest:testInlineRegexpHeader,1,1,9.0,9.0,9.0,0.0,0.0,0.0,9.0,9.0,9.0,0.0,0.0,0.0,0.0,1.0,0.1111111111111111,0.0,true
com.puppycrawl.tools.checkstyle.checks.indentation.IndentationCheckTest:internalGetCheckMessage,1,1,6.0,6.0,6.0,0.0,0.0,0.0,6.0,6.0,6.0,0.0,0.0,0.0,0.0,1.0,0.16666666666666666,0.0,true
com.puppycrawl.tools.checkstyle.checks.coding.OneStatementPerLineCheckTest:getNonCompilablePath,1,1,0.0,0.0,0.0,0.0,0.0,0.0,0.0,0.0,0.0,0.0,0.0,0.0,0.0,1.0,0.0,0.0,true
com.puppycrawl.tools.checkstyle.checks.FileContentsHolder:getDefaultTokens,1,1,2.0,2.0,2.0,1.0,1.0,1.0,1.0,1.0,1.0,0.0,0.0,0.0,0.0,1.0,0.5,0.6666666666666666,true
com.puppycrawl.tools.checkstyle.checks.coding.NestedIfDepthCheckTest:getPath,1,1,0.0,0.0,0.0,0.0,0.0,0.0,0.0,0.0,0.0,0.0,0.0,0.0,0.0,1.0,0.0,0.0,true
com.puppycrawl.tools.checkstyle.checks.TrailingCommentCheckTest:testGetAcceptableTokens,1,1,0.0,0.0,0.0,0.0,0.0,0.0,0.0,0.0,0.0,0.0,0.0,0.0,0.0,1.0,0.0,0.0,true
com.puppycrawl.tools.checkstyle.checks.imports.ImportOrderCheck:setOption,1,1,0.0,0.0,0.0,1.0,1.0,1.0,-1.0,-1.0,-1.0,0.0,0.0,0.0,0.0,1.0,0.0,0.0,true
com.google.checkstyle.test.chapter5naming.rule521packagenames.PackageNameTest:testBadPackageName2,1,1,6.0,6.0,6.0,0.0,0.0,0.0,6.0,6.0,6.0,0.0,0.0,0.0,0.0,1.0,0.16666666666666666,0.0,true
com.google.checkstyle.test.chapter5naming.rule521packagenames.PackageNameTest:testBadPackageName3,1,1,6.0,6.0,6.0,0.0,0.0,0.0,6.0,6.0,6.0,0.0,0.0,0.0,0.0,1.0,0.16666666666666666,0.0,true
com.puppycrawl.tools.checkstyle.checks.imports.IllegalImportCheckTest:testIllegalClasses,2,2,13.0,7.0,6.5,0.0,0.0,0.0,13.0,7.0,6.5,0.0,0.0,0.0,0.0,0.5,0.07692307692307693,0.0,true
com.puppycrawl.tools.checkstyle.checks.indentation.BlockParentHandler:hasCurlies,1,1,5.0,5.0,5.0,0.0,0.0,0.0,5.0,5.0,5.0,0.0,0.0,0.0,0.0,1.0,0.2,0.0,true
com.puppycrawl.tools.checkstyle.gui.ParseTreeTableModel:getColumnClass,1,1,0.0,0.0,0.0,0.0,0.0,0.0,0.0,0.0,0.0,0.0,0.0,0.0,0.0,1.0,0.0,0.0,true
com.puppycrawl.tools.checkstyle.checks.indentation.IndentationCheckTest:testAnonymousClassInMethodWithCurlyOnNewLine,2,2,13.0,12.0,6.5,0.0,0.0,0.0,13.0,12.0,6.5,0.0,0.0,0.0,0.0,0.5,0.07692307692307693,0.0,true
com.puppycrawl.tools.checkstyle.gui.ParseTreeTableModel:getColumnName,1,1,0.0,0.0,0.0,0.0,0.0,0.0,0.0,0.0,0.0,0.0,0.0,0.0,0.0,1.0,0.0,0.0,true
com.puppycrawl.tools.checkstyle.utils.AnnotationUtilityTest:testContainsAnnotationTrue,1,1,9.0,9.0,9.0,0.0,0.0,0.0,9.0,9.0,9.0,0.0,0.0,0.0,0.0,1.0,0.1111111111111111,0.0,true
com.puppycrawl.tools.checkstyle.internal.CheckUtil:isFileSetModule,1,1,10.0,10.0,10.0,3.0,3.0,3.0,7.0,7.0,7.0,0.0,0.0,0.0,0.0,1.0,0.1,0.15384615384615385,true
com.puppycrawl.tools.checkstyle.checks.regexp.RegexpCheck:isIgnore,1,1,3.0,3.0,3.0,3.0,3.0,3.0,0.0,0.0,0.0,0.0,0.0,0.0,0.0,1.0,0.3333333333333333,0.3333333333333333,true
com.puppycrawl.tools.checkstyle.ant.CheckstyleAntTaskTest:testXmlLoggerListenerWithToFile,1,1,0.0,0.0,0.0,0.0,0.0,0.0,0.0,0.0,0.0,0.0,0.0,0.0,0.0,1.0,0.0,0.0,true
com.puppycrawl.tools.checkstyle.PropertyCacheFile:fillCacheWithExternalResources,1,1,14.0,14.0,14.0,29.0,29.0,29.0,-15.0,-15.0,-15.0,0.0,0.0,0.0,0.0,1.0,0.07142857142857142,0.046511627906976744,true
com.puppycrawl.tools.checkstyle.checks.annotation.SuppressWarningsCheck:findWarningsHolder,2,1,4.0,3.0,2.0,5.0,4.0,2.5,-1.0,-1.0,-0.5,0.0,0.0,1.0,1.0,1.0,0.25,0.2222222222222222,true
com.puppycrawl.tools.checkstyle.gui.MainFrameModelTest:getPath,1,1,3.0,3.0,3.0,0.0,0.0,0.0,3.0,3.0,3.0,0.0,0.0,0.0,0.0,1.0,0.3333333333333333,0.0,true
com.puppycrawl.tools.checkstyle.filters.SuppressionsLoaderTest:testLoadFromUrl,1,1,1.0,1.0,1.0,0.0,0.0,0.0,1.0,1.0,1.0,0.0,0.0,0.0,0.0,1.0,1.0,0.0,true
com.puppycrawl.tools.checkstyle.filters.BeforeExecutionFileFilterSetTest:testToString2,1,1,8.0,8.0,8.0,0.0,0.0,0.0,8.0,8.0,8.0,0.0,0.0,0.0,0.0,1.0,0.125,0.0,true
com.puppycrawl.tools.checkstyle.checks.indentation.LineWrappingHandler:checkAnnotationIndentation,1,1,41.0,41.0,41.0,22.0,22.0,22.0,19.0,19.0,19.0,0.0,1.0,1.0,1.0,1.0,0.024390243902439025,0.031746031746031744,true
com.puppycrawl.tools.checkstyle.checks.header.HeaderCheckTest:testCacheHeaderFile,2,1,6.0,6.0,3.0,0.0,0.0,0.0,6.0,6.0,3.0,0.0,0.0,0.0,0.0,1.0,0.16666666666666666,0.0,true
com.puppycrawl.tools.checkstyle.utils.CheckUtilsTest:testGetAccessModifierFromModifiersTokenWithNullParameter,2,2,11.0,11.0,5.5,0.0,0.0,0.0,11.0,11.0,5.5,0.0,0.0,0.0,0.0,0.5,0.09090909090909091,0.0,true
com.puppycrawl.tools.checkstyle.CheckerTest:testFinishLocalSetupFullyInitialized,3,2,6.0,6.0,2.0,0.0,0.0,0.0,6.0,6.0,2.0,0.0,0.0,0.0,0.0,0.6666666666666666,0.3333333333333333,0.0,true
com.puppycrawl.tools.checkstyle.checks.coding.ReturnCountCheck:setFormat,2,1,4.0,3.0,2.0,0.0,0.0,0.0,4.0,3.0,2.0,0.0,0.0,0.0,0.0,1.0,0.25,0.0,true
com.puppycrawl.tools.checkstyle.checks.imports.ImportControlLoaderTest:testExtraElementInConfig,2,2,0.0,0.0,0.0,0.0,0.0,0.0,0.0,0.0,0.0,0.0,0.0,0.0,0.0,0.5,0.0,0.0,true
com.puppycrawl.tools.checkstyle.checks.whitespace.WhitespaceAroundCheck:setAllowEmptyCatches,1,1,4.0,4.0,4.0,0.0,0.0,0.0,4.0,4.0,4.0,0.0,0.0,0.0,0.0,1.0,0.25,0.0,true
com.puppycrawl.tools.checkstyle.checks.header.RegexpHeaderCheckTest:testSetHeaderEmpty,1,1,3.0,3.0,3.0,0.0,0.0,0.0,3.0,3.0,3.0,0.0,0.0,0.0,0.0,1.0,0.3333333333333333,0.0,true
com.puppycrawl.tools.checkstyle.api.DetailAST:clearChildCountCache,1,1,13.0,13.0,13.0,0.0,0.0,0.0,13.0,13.0,13.0,0.0,0.0,0.0,0.0,1.0,0.07692307692307693,0.0,true
com.puppycrawl.tools.checkstyle.checks.whitespace.whitespaceafter.InputWhitespaceAfterLiteralFor:testWhile,1,1,8.0,8.0,8.0,0.0,0.0,0.0,8.0,8.0,8.0,0.0,0.0,0.0,0.0,1.0,0.125,0.0,true
com.puppycrawl.tools.checkstyle.api.DetailAST:addChild,3,3,25.0,13.0,8.333333333333334,1.0,1.0,0.3333333333333333,24.0,12.0,8.0,0.0,0.0,0.0,0.0,0.3333333333333333,0.04,0.11538461538461539,true
com.puppycrawl.tools.checkstyle.internal.XdocsPagesTest:validatePropertySectionProperties,4,1,71.0,34.0,17.75,14.0,13.0,3.5,57.0,21.0,14.25,0.0,9.0,0.0,0.0,1.0,0.014084507042253521,0.03529411764705882,true
com.puppycrawl.tools.checkstyle.MainTest:checkAssertion,4,4,35.0,26.0,8.75,90.0,90.0,22.5,-55.0,-64.0,-13.75,0.0,0.0,0.0,0.0,0.25,0.02857142857142857,0.032,true
com.puppycrawl.tools.checkstyle.checks.coding.VariableDeclarationUsageDistanceCheck:setIgnoreVariablePattern,1,1,2.0,2.0,2.0,0.0,0.0,0.0,2.0,2.0,2.0,0.0,0.0,0.0,0.0,1.0,0.5,0.0,true
com.puppycrawl.tools.checkstyle.checks.coding.PackageDeclarationCheck:getDirectoryName,1,1,19.0,19.0,19.0,0.0,0.0,0.0,19.0,19.0,19.0,0.0,2.0,0.0,0.0,1.0,0.05263157894736842,0.0,true
com.puppycrawl.tools.checkstyle.filters.SuppressionFilterTest:testAccept,2,2,11.0,11.0,5.5,0.0,0.0,0.0,11.0,11.0,5.5,0.0,0.0,0.0,0.0,0.5,0.09090909090909091,0.0,true
com.puppycrawl.tools.checkstyle.checks.indentation.MethodCallHandler:getIndentImpl,1,1,5.0,5.0,5.0,0.0,0.0,0.0,5.0,5.0,5.0,0.0,0.0,0.0,0.0,1.0,0.2,0.0,true
com.puppycrawl.tools.checkstyle.checks.whitespace.whitespaceafter.InputWhitespaceAfterLiteralIf:testIfElse,1,1,8.0,8.0,8.0,0.0,0.0,0.0,8.0,8.0,8.0,0.0,0.0,0.0,0.0,1.0,0.125,0.0,true
com.puppycrawl.tools.checkstyle.filters.SuppressionFilterTest:testAcceptOnNullFile,2,2,11.0,11.0,5.5,0.0,0.0,0.0,11.0,11.0,5.5,0.0,0.0,0.0,0.0,0.5,0.09090909090909091,0.0,true
com.puppycrawl.tools.checkstyle.utils.ScopeUtilsTest:testInEnumBlockInClass,1,1,12.0,12.0,12.0,0.0,0.0,0.0,12.0,12.0,12.0,0.0,0.0,0.0,0.0,1.0,0.08333333333333333,0.0,true
com.puppycrawl.tools.checkstyle.CloseAndFlushTestByteArrayOutputStream:flush,1,1,3.0,3.0,3.0,0.0,0.0,0.0,3.0,3.0,3.0,0.0,0.0,0.0,0.0,1.0,0.3333333333333333,0.0,true
com.puppycrawl.tools.checkstyle.PropertyCacheFile:loadExternalResources,3,2,3.0,1.0,1.0,0.0,0.0,0.0,3.0,1.0,1.0,0.0,0.0,0.0,0.0,0.6666666666666666,1.0,0.0,true
com.puppycrawl.tools.checkstyle.filters.SuppressionsLoaderTest:testLoadFromMalformedUrl,2,2,19.0,18.0,9.5,0.0,0.0,0.0,19.0,18.0,9.5,0.0,0.0,0.0,0.0,0.5,0.05263157894736842,0.0,true
com.puppycrawl.tools.checkstyle.checks.coding.fallthrough.InputFallThrough:nextedSwitches2,1,1,9.0,9.0,9.0,0.0,0.0,0.0,9.0,9.0,9.0,0.0,0.0,0.0,0.0,1.0,0.1111111111111111,0.0,true
com.puppycrawl.tools.checkstyle.checks.whitespace.whitespaceafter.InputWhitespaceAfterLiteralWhile:testFor,1,1,8.0,8.0,8.0,0.0,0.0,0.0,8.0,8.0,8.0,0.0,0.0,0.0,0.0,1.0,0.125,0.0,true
com.puppycrawl.tools.checkstyle.checks.coding.MagicNumberCheck:isChildOf,1,1,1.0,1.0,1.0,0.0,0.0,0.0,1.0,1.0,1.0,0.0,0.0,0.0,0.0,1.0,1.0,0.0,true
com.puppycrawl.tools.checkstyle.checks.imports.ImportControlCheck:beginTree,3,3,10.0,5.0,3.3333333333333335,2.0,2.0,0.6666666666666666,8.0,3.0,2.666666666666667,0.0,0.0,0.0,0.0,0.3333333333333333,0.2,0.3333333333333333,true
com.google.checkstyle.test.chapter4formatting.rule462horizontalwhitespace.MethodParamPadTest:getPath,1,1,9.0,9.0,9.0,0.0,0.0,0.0,9.0,9.0,9.0,0.0,0.0,0.0,0.0,1.0,0.1111111111111111,0.0,true
com.puppycrawl.tools.checkstyle.checks.annotation.MissingDeprecatedCheckTest:testTwoInJavadocWithoutAnnotation,1,1,1.0,1.0,1.0,0.0,0.0,0.0,1.0,1.0,1.0,0.0,0.0,0.0,0.0,1.0,1.0,0.0,true
com.puppycrawl.tools.checkstyle.checks.coding.InputEqualsHashCodeNoEquals:hashCode,1,1,3.0,3.0,3.0,0.0,0.0,0.0,3.0,3.0,3.0,0.0,0.0,0.0,0.0,1.0,0.3333333333333333,0.0,true
com.puppycrawl.tools.checkstyle.checks.coding.PackageDeclarationCheckTest:testFileIgnoreDiffDirectoryMismatch,2,2,6.0,6.0,3.0,0.0,0.0,0.0,6.0,6.0,3.0,0.0,0.0,0.0,0.0,0.5,0.16666666666666666,0.0,true
com.puppycrawl.tools.checkstyle.main.InputJavaNCSS:testMethod3,1,1,17.0,17.0,17.0,0.0,0.0,0.0,17.0,17.0,17.0,0.0,0.0,0.0,0.0,1.0,0.058823529411764705,0.0,true
com.puppycrawl.tools.checkstyle.checks.imports.ImportControlCheckTest:testPathRegexMatchesPartially,2,2,12.0,7.0,6.0,0.0,0.0,0.0,12.0,7.0,6.0,0.0,0.0,0.0,0.0,0.5,0.08333333333333333,0.0,true
com.puppycrawl.tools.checkstyle.checks.coding.DefaultComesLastCheckTest:getPath,1,1,0.0,0.0,0.0,0.0,0.0,0.0,0.0,0.0,0.0,0.0,0.0,0.0,0.0,1.0,0.0,0.0,true
com.puppycrawl.tools.checkstyle.main.InputJavaNCSS:testMethod2,1,1,17.0,17.0,17.0,0.0,0.0,0.0,17.0,17.0,17.0,0.0,0.0,0.0,0.0,1.0,0.058823529411764705,0.0,true
com.puppycrawl.tools.checkstyle.main.InputJavaNCSS:testMethod1,1,1,17.0,17.0,17.0,0.0,0.0,0.0,17.0,17.0,17.0,0.0,0.0,0.0,0.0,1.0,0.058823529411764705,0.0,true
com.puppycrawl.tools.checkstyle.gui.ParseTreeTablePresentationTest:testJavadocCommentChild,3,3,26.0,13.0,8.666666666666666,0.0,0.0,0.0,26.0,13.0,8.666666666666666,0.0,0.0,0.0,0.0,0.3333333333333333,0.038461538461538464,0.0,true
com.puppycrawl.tools.checkstyle.checks.annotation.AnnotationUseStyleCheckTest:testAnnotationsWithoutDefaultValues,1,1,6.0,6.0,6.0,0.0,0.0,0.0,6.0,6.0,6.0,0.0,0.0,0.0,0.0,1.0,0.16666666666666666,0.0,true
com.puppycrawl.tools.checkstyle.checks.design.visibilitymodifier.InputVisibilityModifiersPublicImmutable:InputVisibilityModifiersPublicImmutable,1,1,7.0,7.0,7.0,0.0,0.0,0.0,7.0,7.0,7.0,0.0,0.0,0.0,0.0,1.0,0.14285714285714285,0.0,true
com.puppycrawl.tools.checkstyle.grammars.java8.InputLambda14:main,1,1,3.0,3.0,3.0,0.0,0.0,0.0,3.0,3.0,3.0,0.0,0.0,0.0,0.0,1.0,0.3333333333333333,0.0,true
com.puppycrawl.tools.checkstyle.checks.indentation.IndentationCheckTest:testTabs,1,1,1.0,1.0,1.0,0.0,0.0,0.0,1.0,1.0,1.0,0.0,0.0,0.0,0.0,1.0,1.0,0.0,true
com.puppycrawl.tools.checkstyle.Checker:acceptFileStarted,1,1,4.0,4.0,4.0,0.0,0.0,0.0,4.0,4.0,4.0,0.0,0.0,0.0,0.0,1.0,0.25,0.0,true
com.puppycrawl.tools.checkstyle.checks.header.RegexpHeaderCheckTest:testRegexpHeaderIgnore,1,1,9.0,9.0,9.0,0.0,0.0,0.0,9.0,9.0,9.0,0.0,0.0,0.0,0.0,1.0,0.1111111111111111,0.0,true
com.puppycrawl.tools.checkstyle.checks.indentation.IndentationCheckTest:testMethodCallLineWrap,1,1,1.0,1.0,1.0,0.0,0.0,0.0,1.0,1.0,1.0,0.0,0.0,0.0,0.0,1.0,1.0,0.0,true
com.puppycrawl.tools.checkstyle.checks.whitespace.whitespaceafter.InputWhitespaceAfterLiteralIf:condition,1,1,8.0,8.0,8.0,0.0,0.0,0.0,8.0,8.0,8.0,0.0,0.0,0.0,0.0,1.0,0.125,0.0,true
com.puppycrawl.tools.checkstyle.checks.coding.requirethis.InputRequireThisEnumInnerClassesAndBugs:method2,1,1,1.0,1.0,1.0,0.0,0.0,0.0,1.0,1.0,1.0,0.0,0.0,0.0,0.0,1.0,1.0,0.0,true
com.puppycrawl.tools.checkstyle.checks.modifier.redundantmodifier.InputRedundantModifierFinalInTryWithResource:test,2,2,18.0,18.0,9.0,0.0,0.0,0.0,18.0,18.0,9.0,0.0,0.0,0.0,0.0,0.5,0.05555555555555555,0.0,true
com.puppycrawl.tools.checkstyle.utils.CommonUtils:baseClassName,2,2,7.0,7.0,3.5,1.0,1.0,0.5,6.0,6.0,3.0,0.0,0.0,0.0,0.0,0.5,0.14285714285714285,0.25,true
com.puppycrawl.tools.checkstyle.checks.indentation.indentation.InputIndentationCaseLevel:InputIndentationCaseLevel,1,1,12.0,12.0,12.0,0.0,0.0,0.0,12.0,12.0,12.0,0.0,0.0,0.0,0.0,1.0,0.08333333333333333,0.0,true
com.puppycrawl.tools.checkstyle.filters.SuppressionFilterTest:testExistingInvalidSuppressionFileWithTrueOptional,2,2,11.0,11.0,5.5,0.0,0.0,0.0,11.0,11.0,5.5,0.0,0.0,0.0,0.0,0.5,0.09090909090909091,0.0,true
com.puppycrawl.tools.checkstyle.checks.design.OneTopLevelClassCheckTest:testFileWithSecondEnumTopLevelClass,1,1,0.0,0.0,0.0,0.0,0.0,0.0,0.0,0.0,0.0,0.0,0.0,0.0,0.0,1.0,0.0,0.0,true
com.puppycrawl.tools.checkstyle.checks.imports.UnusedImportsCheckTest:testAnnotations,1,1,1.0,1.0,1.0,0.0,0.0,0.0,1.0,1.0,1.0,0.0,0.0,0.0,0.0,1.0,1.0,0.0,true
com.puppycrawl.tools.checkstyle.checks.annotation.AnnotationLocationCheck:hasNodeBefore,1,1,0.0,0.0,0.0,0.0,0.0,0.0,0.0,0.0,0.0,0.0,0.0,0.0,0.0,1.0,0.0,0.0,true
com.puppycrawl.tools.checkstyle.checks.blocks.RightCurlyCheckTest:testRightCurlyIsAloneLambda,1,1,6.0,6.0,6.0,0.0,0.0,0.0,6.0,6.0,6.0,0.0,0.0,0.0,0.0,1.0,0.16666666666666666,0.0,true
com.puppycrawl.tools.checkstyle.checks.metrics.NPathComplexityCheck:leaveUnitaryOperator,1,1,66.0,66.0,66.0,8.0,8.0,8.0,58.0,58.0,58.0,0.0,0.0,0.0,0.0,1.0,0.015151515151515152,0.02702702702702703,true
com.puppycrawl.tools.checkstyle.checks.coding.RequireThisCheck:isUserDefinedArrangementOfThis,3,1,44.0,32.0,14.666666666666666,31.0,27.0,10.333333333333334,13.0,5.0,4.333333333333332,0.0,3.0,0.0,0.0,1.0,0.022727272727272728,0.02666666666666667,true
com.puppycrawl.tools.checkstyle.CloseAndFlushTestByteArrayOutputStream:getFlushCount,1,1,3.0,3.0,3.0,0.0,0.0,0.0,3.0,3.0,3.0,0.0,0.0,0.0,0.0,1.0,0.3333333333333333,0.0,true
com.google.checkstyle.test.chapter4formatting.rule485annotations.AnnotationLocationTest:testAnnotation,2,2,21.0,11.0,10.5,0.0,0.0,0.0,21.0,11.0,10.5,0.0,0.0,0.0,0.0,0.5,0.047619047619047616,0.0,true
com.puppycrawl.tools.checkstyle.PropertyCacheFile:get,1,1,5.0,5.0,5.0,0.0,0.0,0.0,5.0,5.0,5.0,0.0,0.0,0.0,0.0,1.0,0.2,0.0,true
com.puppycrawl.tools.checkstyle.checks.indentation.CommentsIndentationCheck:visitComment,2,2,3.0,3.0,1.5,3.0,3.0,1.5,0.0,0.0,0.0,0.0,0.0,0.0,0.0,0.5,0.3333333333333333,0.3333333333333333,true
com.puppycrawl.tools.checkstyle.checks.SuppressWarningsHolderTest:testGetAnnotationValuesWrongArg,1,1,0.0,0.0,0.0,0.0,0.0,0.0,0.0,0.0,0.0,0.0,0.0,0.0,0.0,1.0,0.0,0.0,true
com.puppycrawl.tools.checkstyle.grammars.javadoc.JavadocParseTreeTest:getPath,1,1,0.0,0.0,0.0,5.0,5.0,5.0,-5.0,-5.0,-5.0,0.0,0.0,0.0,0.0,1.0,0.0,0.0,true
com.puppycrawl.tools.checkstyle.TreeWalker:isPositionGreater,1,1,4.0,4.0,4.0,0.0,0.0,0.0,4.0,4.0,4.0,0.0,0.0,0.0,0.0,1.0,0.25,0.0,true
com.google.checkstyle.test.chapter5naming.rule51identifiernames.CatchParameterNameTest:testCatchParameterName,2,2,8.0,7.0,4.0,0.0,0.0,0.0,8.0,7.0,4.0,0.0,0.0,0.0,0.0,0.5,0.125,0.0,true
com.puppycrawl.tools.checkstyle.filters.CsvFilter:accept,1,1,4.0,4.0,4.0,0.0,0.0,0.0,4.0,4.0,4.0,0.0,0.0,0.0,0.0,1.0,0.25,0.0,true
com.puppycrawl.tools.checkstyle.internal.CheckUtil:isFileFilterModule,2,1,14.0,10.0,7.0,3.0,3.0,1.5,11.0,7.0,5.5,0.0,0.0,0.0,0.0,1.0,0.07142857142857142,0.11764705882352941,true
com.puppycrawl.tools.checkstyle.grammars.javadoc.JavadocParseTreeTest:serial,2,1,0.0,0.0,0.0,5.0,5.0,2.5,-5.0,-5.0,-2.5,0.0,0.0,0.0,0.0,1.0,0.0,0.0,true
com.puppycrawl.tools.checkstyle.checks.coding.ExplicitInitializationCheck:validateNonObjects,1,1,29.0,29.0,29.0,12.0,12.0,12.0,17.0,17.0,17.0,0.0,2.0,0.0,0.0,1.0,0.034482758620689655,0.04878048780487805,true
com.puppycrawl.tools.checkstyle.checks.sizes.MethodLengthCheck:setCountEmpty,1,1,0.0,0.0,0.0,0.0,0.0,0.0,0.0,0.0,0.0,0.0,0.0,0.0,0.0,1.0,0.0,0.0,true
com.google.checkstyle.test.chapter4formatting.rule451wheretobreak.SeparatorWrapTest:testSeparatorWrapDot,2,2,14.0,7.0,7.0,0.0,0.0,0.0,14.0,7.0,7.0,0.0,0.0,0.0,0.0,0.5,0.14285714285714285,0.0,true
com.puppycrawl.tools.checkstyle.PropertyCacheFile:loadExternalResource,3,3,5.0,4.0,1.6666666666666667,7.0,7.0,2.3333333333333335,-2.0,-3.0,-0.6666666666666667,0.0,0.0,0.0,0.0,0.3333333333333333,0.2,0.25,true
com.puppycrawl.tools.checkstyle.CheckerTest:testDestroyCheckerWithWrongCacheFileNameLength,3,2,29.0,28.0,9.666666666666666,50.0,50.0,16.666666666666668,-21.0,-22.0,-7.000000000000002,0.0,0.0,0.0,0.0,0.6666666666666666,0.034482758620689655,0.0379746835443038,true
com.puppycrawl.tools.checkstyle.internal.AllChecksTest:getSimpleNames,2,2,11.0,11.0,5.5,10.0,10.0,5.0,1.0,1.0,0.5,0.0,2.0,-1.0,-1.0,0.5,0.09090909090909091,0.09523809523809523,true
com.puppycrawl.tools.checkstyle.checks.whitespace.whitespaceafter.InputWhitespaceAfterLiteralElse:testIfElse,1,1,8.0,8.0,8.0,0.0,0.0,0.0,8.0,8.0,8.0,0.0,0.0,0.0,0.0,1.0,0.125,0.0,true
com.puppycrawl.tools.checkstyle.checks.design.hideutilityclassconstructor.InputHideUtilityClassConstructorPublic:foo,1,1,3.0,3.0,3.0,0.0,0.0,0.0,3.0,3.0,3.0,0.0,0.0,0.0,0.0,1.0,0.3333333333333333,0.0,true
com.puppycrawl.tools.checkstyle.PropertyCacheFile:putExternalResources,1,1,5.0,5.0,5.0,0.0,0.0,0.0,5.0,5.0,5.0,0.0,0.0,0.0,0.0,1.0,0.2,0.0,true
com.puppycrawl.tools.checkstyle.checks.whitespace.SingleSpaceSeparatorCheckTest:testNoSpaceErrors,1,1,0.0,0.0,0.0,0.0,0.0,0.0,0.0,0.0,0.0,0.0,0.0,0.0,0.0,1.0,0.0,0.0,true
com.puppycrawl.tools.checkstyle.api.FileContentsTest:testSinglelineCommentNotIntersect,2,2,8.0,5.0,4.0,0.0,0.0,0.0,8.0,5.0,4.0,0.0,0.0,0.0,0.0,0.5,0.125,0.0,true
com.puppycrawl.tools.checkstyle.checks.TrailingCommentCheck:setFormat,2,1,2.0,2.0,1.0,0.0,0.0,0.0,2.0,2.0,1.0,0.0,0.0,0.0,0.0,1.0,0.5,0.0,true
com.puppycrawl.tools.checkstyle.checks.indentation.indentation.InputIndentationValidArrayInitIndent:InputIndentationValidArrayInitIndent,1,1,9.0,9.0,9.0,0.0,0.0,0.0,9.0,9.0,9.0,0.0,1.0,0.0,0.0,1.0,0.1111111111111111,0.0,true
com.puppycrawl.tools.checkstyle.MainTest:testPrintTreeOption,1,1,26.0,26.0,26.0,90.0,90.0,90.0,-64.0,-64.0,-64.0,0.0,0.0,0.0,0.0,1.0,0.038461538461538464,0.017241379310344827,true
com.puppycrawl.tools.checkstyle.checks.coding.fallthrough.InputFallThrough:methodFallThruCCustomWords,1,1,9.0,9.0,9.0,0.0,0.0,0.0,9.0,9.0,9.0,0.0,0.0,0.0,0.0,1.0,0.1111111111111111,0.0,true
com.puppycrawl.tools.checkstyle.utils.CheckUtilsTest:testCreateFullType,1,1,21.0,21.0,21.0,0.0,0.0,0.0,21.0,21.0,21.0,0.0,0.0,0.0,0.0,1.0,0.047619047619047616,0.0,true
com.google.checkstyle.test.chapter4formatting.rule4841indentation.IndentationTest:testCorrectWhile,1,1,7.0,7.0,7.0,0.0,0.0,0.0,7.0,7.0,7.0,0.0,0.0,0.0,0.0,1.0,0.14285714285714285,0.0,true
com.puppycrawl.tools.checkstyle.checks.FileContentsHolder:getCurrentFileContents,2,2,2.0,2.0,1.0,1.0,1.0,0.5,1.0,1.0,0.5,0.0,0.0,0.0,0.0,0.5,0.5,0.6666666666666666,true
com.puppycrawl.tools.checkstyle.checks.coding.finallocalvariable.InputFinalLocalVariableMultipleAndNestedConditions:getType,1,1,3.0,3.0,3.0,0.0,0.0,0.0,3.0,3.0,3.0,0.0,0.0,0.0,0.0,1.0,0.3333333333333333,0.0,true
com.puppycrawl.tools.checkstyle.utils.ModuleReflectionUtilsTest:testIsFileSetModule,2,2,10.0,7.0,5.0,2.0,2.0,1.0,8.0,5.0,4.0,0.0,0.0,0.0,0.0,0.5,0.1,0.16666666666666666,true
com.puppycrawl.tools.checkstyle.checks.metrics.NPathComplexityCheck:getAcceptableTokens,1,1,66.0,66.0,66.0,8.0,8.0,8.0,58.0,58.0,58.0,0.0,0.0,0.0,0.0,1.0,0.015151515151515152,0.02702702702702703,true
com.puppycrawl.tools.checkstyle.checks.indentation.IndentationCheckTest:testLabels,1,1,1.0,1.0,1.0,0.0,0.0,0.0,1.0,1.0,1.0,0.0,0.0,0.0,0.0,1.0,1.0,0.0,true
com.puppycrawl.tools.checkstyle.checks.imports.IllegalImportCheckTest:testGetAcceptableTokens,1,1,0.0,0.0,0.0,0.0,0.0,0.0,0.0,0.0,0.0,0.0,0.0,0.0,0.0,1.0,0.0,0.0,true
com.puppycrawl.tools.checkstyle.checks.blocks.RightCurlyCheck:shouldBeOnSameLine,1,1,14.0,14.0,14.0,13.0,13.0,13.0,1.0,1.0,1.0,0.0,2.0,1.0,1.0,1.0,0.07142857142857142,0.07407407407407407,true
com.puppycrawl.tools.checkstyle.Main:buildOptions,2,1,83.0,81.0,41.5,3.0,3.0,1.5,80.0,78.0,40.0,0.0,1.0,0.0,0.0,1.0,0.012048192771084338,0.023255813953488372,true
com.puppycrawl.tools.checkstyle.TreeWalker:createCommentAstFromToken,1,1,4.0,4.0,4.0,0.0,0.0,0.0,4.0,4.0,4.0,0.0,0.0,0.0,0.0,1.0,0.25,0.0,true
com.puppycrawl.tools.checkstyle.checks.metrics.AbstractClassCouplingCheck:getMax,1,1,0.0,0.0,0.0,0.0,0.0,0.0,0.0,0.0,0.0,0.0,0.0,0.0,0.0,1.0,0.0,0.0,true
com.puppycrawl.tools.checkstyle.checks.naming.ParameterNameCheck:matchAccessModifiers,1,1,4.0,4.0,4.0,0.0,0.0,0.0,4.0,4.0,4.0,0.0,0.0,0.0,0.0,1.0,0.25,0.0,true
com.google.checkstyle.test.chapter4formatting.rule4822variabledistance.VariableDeclarationUsageDistanceTest:testArrayTypeStyle,1,1,9.0,9.0,9.0,0.0,0.0,0.0,9.0,9.0,9.0,0.0,0.0,0.0,0.0,1.0,0.1111111111111111,0.0,true
com.puppycrawl.tools.checkstyle.checks.blocks.LeftCurlyCheckTest:testLeftCurlyOptionValueOf,1,1,0.0,0.0,0.0,0.0,0.0,0.0,0.0,0.0,0.0,0.0,0.0,0.0,0.0,1.0,0.0,0.0,true
com.puppycrawl.tools.checkstyle.utils.CheckUtilsTest:getNodeFromFile,1,1,21.0,21.0,21.0,0.0,0.0,0.0,21.0,21.0,21.0,0.0,0.0,0.0,0.0,1.0,0.047619047619047616,0.0,true
com.puppycrawl.tools.checkstyle.checks.indentation.IndentationCheckTest:testDifficultAnnotations,1,1,1.0,1.0,1.0,0.0,0.0,0.0,1.0,1.0,1.0,0.0,0.0,0.0,0.0,1.0,1.0,0.0,true
com.puppycrawl.tools.checkstyle.checks.indentation.CommentsIndentationCheck:isStatementWithPossibleCurlies,1,1,1.0,1.0,1.0,0.0,0.0,0.0,1.0,1.0,1.0,0.0,0.0,0.0,0.0,1.0,1.0,0.0,false
com.puppycrawl.tools.checkstyle.checks.coding.IllegalTypeCheckTest:testIgnoreMethodNames,1,1,0.0,0.0,0.0,0.0,0.0,0.0,0.0,0.0,0.0,0.0,0.0,0.0,0.0,1.0,0.0,0.0,true
com.puppycrawl.tools.checkstyle.checks.annotation.AnnotationLocationCheck:hasNodeAfter,1,1,0.0,0.0,0.0,0.0,0.0,0.0,0.0,0.0,0.0,0.0,0.0,0.0,0.0,1.0,0.0,0.0,true
com.puppycrawl.tools.checkstyle.TreeWalkerTest:testBehaviourWithZeroChecks,1,1,17.0,17.0,17.0,0.0,0.0,0.0,17.0,17.0,17.0,0.0,0.0,0.0,0.0,1.0,0.058823529411764705,0.0,true
com.puppycrawl.tools.checkstyle.checks.imports.ImportOrderCheckTest:testUnder,1,1,0.0,0.0,0.0,0.0,0.0,0.0,0.0,0.0,0.0,0.0,0.0,0.0,0.0,1.0,0.0,0.0,true
com.puppycrawl.tools.checkstyle.checks.whitespace.OperatorWrapCheck:getAcceptableTokens,1,1,0.0,0.0,0.0,0.0,0.0,0.0,0.0,0.0,0.0,0.0,0.0,0.0,0.0,1.0,0.0,0.0,true
com.puppycrawl.tools.checkstyle.checks.annotation.MissingOverrideCheckTest:testGoodOverrideFromOther,1,1,2.0,2.0,2.0,0.0,0.0,0.0,2.0,2.0,2.0,0.0,0.0,0.0,0.0,1.0,0.5,0.0,true
com.puppycrawl.tools.checkstyle.checks.annotation.AnnotationLocationCheck:checkAnnotations,1,1,0.0,0.0,0.0,0.0,0.0,0.0,0.0,0.0,0.0,0.0,0.0,0.0,0.0,1.0,0.0,0.0,true
com.puppycrawl.tools.checkstyle.checks.imports.CustomImportOrderCheckTest:testGetRequiredTokens,1,1,0.0,0.0,0.0,0.0,0.0,0.0,0.0,0.0,0.0,0.0,0.0,0.0,0.0,1.0,0.0,0.0,true
com.puppycrawl.tools.checkstyle.checks.javadoc.SummaryJavadocCheck:getRequiredJavadocTokens,1,1,3.0,3.0,3.0,0.0,0.0,0.0,3.0,3.0,3.0,0.0,0.0,0.0,0.0,1.0,0.3333333333333333,0.0,true
com.puppycrawl.tools.checkstyle.checks.whitespace.parenpad.InputParenPadLambdaOnly:someMethod,1,1,2.0,2.0,2.0,0.0,0.0,0.0,2.0,2.0,2.0,0.0,0.0,0.0,0.0,1.0,0.5,0.0,true
com.google.checkstyle.test.chapter4formatting.rule413emptyblocks.EmptyBlockTest:testEmptyBlockCatch,1,1,7.0,7.0,7.0,0.0,0.0,0.0,7.0,7.0,7.0,0.0,0.0,0.0,0.0,1.0,0.14285714285714285,0.0,true
com.puppycrawl.tools.checkstyle.BaseCheckTestSupport:getCheckMessage,2,1,9.0,9.0,4.5,2.0,2.0,1.0,7.0,7.0,3.5,0.0,0.0,0.0,0.0,1.0,0.1111111111111111,0.18181818181818182,true
com.puppycrawl.tools.checkstyle.checks.coding.NestedTryDepthCheckTest:getPath,1,1,0.0,0.0,0.0,0.0,0.0,0.0,0.0,0.0,0.0,0.0,0.0,0.0,0.0,1.0,0.0,0.0,true
com.puppycrawl.tools.checkstyle.checks.SuppressWarningsHolderTest:testGetAnnotationTargetWrongArg,1,1,0.0,0.0,0.0,0.0,0.0,0.0,0.0,0.0,0.0,0.0,0.0,0.0,0.0,1.0,0.0,0.0,true
com.puppycrawl.tools.checkstyle.checks.regexp.RegexpMultilineCheckTest:testCarriageReturn,2,1,5.0,5.0,2.5,0.0,0.0,0.0,5.0,5.0,2.5,0.0,0.0,0.0,0.0,1.0,0.2,0.0,true
com.puppycrawl.tools.checkstyle.checks.javadoc.AbstractJavadocCheckTest:testTokens,1,1,2.0,2.0,2.0,0.0,0.0,0.0,2.0,2.0,2.0,0.0,0.0,0.0,0.0,1.0,0.5,0.0,true
com.puppycrawl.tools.checkstyle.checks.blocks.rightcurly.InputRightCurlyLineBreakBefore:method2,1,1,0.0,0.0,0.0,0.0,0.0,0.0,0.0,0.0,0.0,0.0,0.0,0.0,0.0,1.0,0.0,0.0,true
com.puppycrawl.tools.checkstyle.checks.coding.IllegalCatchCheckTest:getPath,1,1,0.0,0.0,0.0,0.0,0.0,0.0,0.0,0.0,0.0,0.0,0.0,0.0,0.0,1.0,0.0,0.0,true
com.puppycrawl.tools.checkstyle.TreeWalkerTest:testImproperFileExtension,1,1,0.0,0.0,0.0,0.0,0.0,0.0,0.0,0.0,0.0,0.0,0.0,0.0,0.0,1.0,0.0,0.0,true
com.puppycrawl.tools.checkstyle.checks.metrics.ClassDataAbstractionCouplingCheckTest:testExludedPackageCommonPackagesAllIgnored,1,1,7.0,7.0,7.0,0.0,0.0,0.0,7.0,7.0,7.0,0.0,0.0,0.0,0.0,1.0,0.14285714285714285,0.0,true
com.puppycrawl.tools.checkstyle.filters.SuppressionsLoaderTest:testNoCheckNoId,1,1,1.0,1.0,1.0,0.0,0.0,0.0,1.0,1.0,1.0,0.0,0.0,0.0,0.0,1.0,1.0,0.0,true
com.puppycrawl.tools.checkstyle.api.AutomaticBean:registerCustomTypes,3,3,39.0,28.0,13.0,0.0,0.0,0.0,39.0,28.0,13.0,0.0,0.0,0.0,0.0,0.3333333333333333,0.02564102564102564,0.0,true
com.puppycrawl.tools.checkstyle.checks.header.RegexpHeaderCheckTest:testDefaultConfiguration,1,1,9.0,9.0,9.0,0.0,0.0,0.0,9.0,9.0,9.0,0.0,0.0,0.0,0.0,1.0,0.1111111111111111,0.0,true
com.puppycrawl.tools.checkstyle.checks.indentation.CommentsIndentationCheck:handleCommentAtTheEndOfTheCodeBlock,1,1,0.0,0.0,0.0,0.0,0.0,0.0,0.0,0.0,0.0,0.0,0.0,0.0,0.0,1.0,0.0,0.0,true
com.puppycrawl.tools.checkstyle.checks.metrics.InputNPathComplexity:testComplexSwitch,1,1,12.0,12.0,12.0,0.0,0.0,0.0,12.0,12.0,12.0,0.0,0.0,0.0,0.0,1.0,0.08333333333333333,0.0,true
com.puppycrawl.tools.checkstyle.checks.javadoc.SingleLineJavadocCheck:setIgnoredTags,1,1,1.0,1.0,1.0,0.0,0.0,0.0,1.0,1.0,1.0,0.0,0.0,0.0,0.0,1.0,1.0,0.0,true
com.google.checkstyle.test.chapter3filestructure.rule332nolinewrap.NoLineWrapTest:testBadLineWrap,2,2,7.0,7.0,3.5,0.0,0.0,0.0,7.0,7.0,3.5,0.0,0.0,0.0,0.0,0.5,0.14285714285714285,0.0,true
com.puppycrawl.tools.checkstyle.checks.whitespace.InputOperatorWrap:test,1,1,0.0,0.0,0.0,0.0,0.0,0.0,0.0,0.0,0.0,0.0,0.0,0.0,0.0,1.0,0.0,0.0,true
com.puppycrawl.tools.checkstyle.grammars.javadoc.JavadocParseTreeTest:dollarInLink,2,1,0.0,0.0,0.0,5.0,5.0,2.5,-5.0,-5.0,-2.5,0.0,0.0,0.0,0.0,1.0,0.0,0.0,true
com.puppycrawl.tools.checkstyle.checks.naming.AbbreviationAsWordInNameCheckTest:testNullPointerException,2,2,18.0,10.0,9.0,0.0,0.0,0.0,18.0,10.0,9.0,0.0,0.0,0.0,0.0,0.5,0.05555555555555555,0.0,true
com.puppycrawl.tools.checkstyle.checks.javadoc.AbstractJavadocCheck:validateDefaultJavadocTokens,1,1,7.0,7.0,7.0,0.0,0.0,0.0,7.0,7.0,7.0,0.0,0.0,0.0,0.0,1.0,0.14285714285714285,0.0,true
com.puppycrawl.tools.checkstyle.checks.coding.RequireThisCheckTest:testBraceAlone,1,1,6.0,6.0,6.0,0.0,0.0,0.0,6.0,6.0,6.0,0.0,0.0,0.0,0.0,1.0,0.16666666666666666,0.0,true
com.puppycrawl.tools.checkstyle.checks.TranslationCheckTest:testEqualBaseNamesButDifferentExtensions,1,1,0.0,0.0,0.0,0.0,0.0,0.0,0.0,0.0,0.0,0.0,0.0,0.0,0.0,1.0,0.0,0.0,true
com.puppycrawl.tools.checkstyle.checks.imports.ImportOrderCheckTest:testUseContainerOrderingForStaticTrueCaseSensitive,2,2,12.0,12.0,6.0,0.0,0.0,0.0,12.0,12.0,6.0,0.0,0.0,0.0,0.0,0.5,0.08333333333333333,0.0,true
com.puppycrawl.tools.checkstyle.gui.ParseTreeTablePresentationTest:testChildCountInJavaAndJavadocMode,2,2,23.0,13.0,11.5,0.0,0.0,0.0,23.0,13.0,11.5,0.0,0.0,0.0,0.0,0.5,0.043478260869565216,0.0,true
com.puppycrawl.tools.checkstyle.checks.metrics.NPathComplexityCheck:pushValue,1,1,66.0,66.0,66.0,8.0,8.0,8.0,58.0,58.0,58.0,0.0,0.0,0.0,0.0,1.0,0.015151515151515152,0.02702702702702703,true
com.puppycrawl.tools.checkstyle.internal.ConfigurationUtil:getChecks,1,1,9.0,9.0,9.0,0.0,0.0,0.0,9.0,9.0,9.0,0.0,1.0,0.0,0.0,1.0,0.1111111111111111,0.0,true
com.puppycrawl.tools.checkstyle.checks.imports.ImportControlRegExpInPkgTest:testEnsureTrailingDot,2,2,10.0,7.0,5.0,0.0,0.0,0.0,10.0,7.0,5.0,0.0,0.0,0.0,0.0,0.5,0.1,0.0,true
com.puppycrawl.tools.checkstyle.gui.MainFrameModelTest:testOpenFileWithParseModeJavaWithJavadocAndComments,1,1,3.0,3.0,3.0,0.0,0.0,0.0,3.0,3.0,3.0,0.0,0.0,0.0,0.0,1.0,0.3333333333333333,0.0,true
com.puppycrawl.tools.checkstyle.checks.coding.fallthrough.InputFallThrough:tryResource,1,1,9.0,9.0,9.0,0.0,0.0,0.0,9.0,9.0,9.0,0.0,0.0,0.0,0.0,1.0,0.1111111111111111,0.0,true
com.google.checkstyle.test.chapter7javadoc.rule712paragraphs.JavadocParagraphTest:testJavadocParagraphIncorrect,1,1,7.0,7.0,7.0,0.0,0.0,0.0,7.0,7.0,7.0,0.0,0.0,0.0,0.0,1.0,0.14285714285714285,0.0,true
com.puppycrawl.tools.checkstyle.grammars.comments.InputFullOfBlockComments:main,1,1,0.0,0.0,0.0,0.0,0.0,0.0,0.0,0.0,0.0,0.0,0.0,0.0,0.0,1.0,0.0,0.0,true
com.puppycrawl.tools.checkstyle.checks.metrics.ClassDataAbstractionCouplingCheckTest:testExludedPackageWithEndingDot,2,2,7.0,7.0,3.5,0.0,0.0,0.0,7.0,7.0,3.5,0.0,0.0,0.0,0.0,0.5,0.14285714285714285,0.0,true
com.puppycrawl.tools.checkstyle.checks.metrics.NPathComplexityCheck:beginTree,1,1,66.0,66.0,66.0,8.0,8.0,8.0,58.0,58.0,58.0,0.0,0.0,0.0,0.0,1.0,0.015151515151515152,0.02702702702702703,true
com.puppycrawl.tools.checkstyle.checks.SuppressWarningsHolderTest:testSetAliasListWrong,2,2,1.0,1.0,0.5,0.0,0.0,0.0,1.0,1.0,0.5,0.0,0.0,0.0,0.0,0.5,1.0,0.0,true
com.puppycrawl.tools.checkstyle.checks.imports.ImportControlCheckTest:testOne,1,1,5.0,5.0,5.0,0.0,0.0,0.0,5.0,5.0,5.0,0.0,0.0,0.0,0.0,1.0,0.2,0.0,true
com.puppycrawl.tools.checkstyle.checks.indentation.SlistHandler:getLeftCurly,1,1,3.0,3.0,3.0,0.0,0.0,0.0,3.0,3.0,3.0,0.0,0.0,0.0,0.0,1.0,0.3333333333333333,0.0,true
com.puppycrawl.tools.checkstyle.checks.sizes.OuterTypeNumberCheckTest:testGetAcceptableTokens,1,1,0.0,0.0,0.0,0.0,0.0,0.0,0.0,0.0,0.0,0.0,0.0,0.0,0.0,1.0,0.0,0.0,true
com.puppycrawl.tools.checkstyle.Main:listFiles,2,2,82.0,81.0,41.0,3.0,3.0,1.5,79.0,78.0,39.5,0.0,1.0,0.0,0.0,0.5,0.012195121951219513,0.023529411764705882,true
com.puppycrawl.tools.checkstyle.checks.whitespace.GenericWhitespaceCheck:containsWhitespaceBetween,1,1,5.0,5.0,5.0,0.0,0.0,0.0,5.0,5.0,5.0,0.0,0.0,0.0,0.0,1.0,0.2,0.0,true
com.puppycrawl.tools.checkstyle.checks.header.RegexpHeaderCheckTest:testHeaderWithInvalidRegexp,3,2,21.0,12.0,7.0,0.0,0.0,0.0,21.0,12.0,7.0,0.0,0.0,0.0,0.0,0.6666666666666666,0.047619047619047616,0.0,true
com.puppycrawl.tools.checkstyle.checks.blocks.NeedBracesCheckTest:testConditions,1,1,2.0,2.0,2.0,0.0,0.0,0.0,2.0,2.0,2.0,0.0,0.0,0.0,0.0,1.0,0.5,0.0,true
com.puppycrawl.tools.checkstyle.MainTest:testExistingIncorrectChildrenInConfigFile2,2,2,29.0,26.0,14.5,90.0,90.0,45.0,-61.0,-64.0,-30.5,0.0,0.0,0.0,0.0,0.5,0.034482758620689655,0.01680672268907563,true
com.puppycrawl.tools.checkstyle.checks.annotation.AnnotationLocationCheck:hasNodeBeside,1,1,0.0,0.0,0.0,0.0,0.0,0.0,0.0,0.0,0.0,0.0,0.0,0.0,0.0,1.0,0.0,0.0,true
com.puppycrawl.tools.checkstyle.checks.imports.importorder.InputImportOrderBug:InputImportOrderBug,1,1,3.0,3.0,3.0,0.0,0.0,0.0,3.0,3.0,3.0,0.0,0.0,0.0,0.0,1.0,0.3333333333333333,0.0,true
com.puppycrawl.tools.checkstyle.checks.coding.EqualsHashCodeCheck:isHashCodeMethod,1,1,8.0,8.0,8.0,0.0,0.0,0.0,8.0,8.0,8.0,0.0,0.0,0.0,0.0,1.0,0.125,0.0,true
com.puppycrawl.tools.checkstyle.ant.CheckstyleAntTaskTest:testEmptyConfigFile,3,3,17.0,10.0,5.666666666666667,9.0,9.0,3.0,8.0,1.0,2.666666666666667,0.0,0.0,0.0,0.0,0.3333333333333333,0.058823529411764705,0.11538461538461539,true
com.puppycrawl.tools.checkstyle.gui.MainFrameModelTest:testOpenFileNonExistentFile,1,1,3.0,3.0,3.0,0.0,0.0,0.0,3.0,3.0,3.0,0.0,0.0,0.0,0.0,1.0,0.3333333333333333,0.0,true
com.puppycrawl.tools.checkstyle.gui.ParseTreeTablePresentation:getRoot,1,1,0.0,0.0,0.0,0.0,0.0,0.0,0.0,0.0,0.0,0.0,0.0,0.0,0.0,1.0,0.0,0.0,true
com.puppycrawl.tools.checkstyle.gui.TreeTable:TreeTable,1,1,35.0,35.0,35.0,0.0,0.0,0.0,35.0,35.0,35.0,0.0,2.0,0.0,0.0,1.0,0.02857142857142857,0.0,true
com.puppycrawl.tools.checkstyle.BaseCheckTestSupport:verifyJavadocTree,1,1,4.0,4.0,4.0,0.0,0.0,0.0,4.0,4.0,4.0,0.0,0.0,0.0,0.0,1.0,0.25,0.0,true
com.google.checkstyle.test.chapter4formatting.rule4842fallthrough.FallThroughTest:testFallThrough,1,1,8.0,8.0,8.0,0.0,0.0,0.0,8.0,8.0,8.0,0.0,0.0,0.0,0.0,1.0,0.125,0.0,true
com.puppycrawl.tools.checkstyle.checks.indentation.CommentsIndentationCheck:isDistributedReturnStatement,1,1,0.0,0.0,0.0,0.0,0.0,0.0,0.0,0.0,0.0,0.0,0.0,0.0,0.0,1.0,0.0,0.0,true
com.puppycrawl.tools.checkstyle.checks.coding.finallocalvariable.InputFinalLocalVariableFalsePositives:foo1,1,1,19.0,19.0,19.0,0.0,0.0,0.0,19.0,19.0,19.0,0.0,7.0,-1.0,-1.0,1.0,0.05263157894736842,0.0,true
com.puppycrawl.tools.checkstyle.checks.coding.finallocalvariable.InputFinalLocalVariableFalsePositives:foo2,1,1,19.0,19.0,19.0,0.0,0.0,0.0,19.0,19.0,19.0,0.0,7.0,-1.0,-1.0,1.0,0.05263157894736842,0.0,true
com.puppycrawl.tools.checkstyle.checks.coding.finallocalvariable.InputFinalLocalVariableFalsePositives:foo3,1,1,19.0,19.0,19.0,0.0,0.0,0.0,19.0,19.0,19.0,0.0,7.0,-1.0,-1.0,1.0,0.05263157894736842,0.0,true
com.puppycrawl.tools.checkstyle.checks.design.designforextension.InputDesignForExtensionIgnoredAnnotations:equals,1,1,3.0,3.0,3.0,0.0,0.0,0.0,3.0,3.0,3.0,0.0,0.0,0.0,0.0,1.0,0.3333333333333333,0.0,true
com.puppycrawl.tools.checkstyle.checks.coding.DefaultComesLastCheck:findNextSibling,1,1,47.0,47.0,47.0,0.0,0.0,0.0,47.0,47.0,47.0,0.0,3.0,-2.0,-2.0,1.0,0.02127659574468085,0.0,true
com.puppycrawl.tools.checkstyle.checks.coding.finallocalvariable.InputFinalLocalVariableFalsePositives:foo4,1,1,19.0,19.0,19.0,0.0,0.0,0.0,19.0,19.0,19.0,0.0,7.0,-1.0,-1.0,1.0,0.05263157894736842,0.0,true
com.puppycrawl.tools.checkstyle.checks.coding.finallocalvariable.InputFinalLocalVariableFalsePositives:foo5,1,1,19.0,19.0,19.0,0.0,0.0,0.0,19.0,19.0,19.0,0.0,7.0,-1.0,-1.0,1.0,0.05263157894736842,0.0,true
com.puppycrawl.tools.checkstyle.checks.header.HeaderCheckTest:testNullFilename,1,1,1.0,1.0,1.0,0.0,0.0,0.0,1.0,1.0,1.0,0.0,0.0,0.0,0.0,1.0,1.0,0.0,true
com.puppycrawl.tools.checkstyle.filters.FilterSetTest:testClear,1,1,7.0,7.0,7.0,0.0,0.0,0.0,7.0,7.0,7.0,0.0,0.0,0.0,0.0,1.0,0.14285714285714285,0.0,true
com.puppycrawl.tools.checkstyle.checks.imports.ImportOrderCheck:doVisitToken,1,1,16.0,16.0,16.0,0.0,0.0,0.0,16.0,16.0,16.0,0.0,1.0,0.0,0.0,1.0,0.0625,0.0,true
com.puppycrawl.tools.checkstyle.checks.coding.FinalLocalVariableCheck:getDefaultTokens,1,1,8.0,8.0,8.0,0.0,0.0,0.0,8.0,8.0,8.0,0.0,1.0,0.0,0.0,1.0,0.125,0.0,true
com.puppycrawl.tools.checkstyle.gui.ParseTreeTablePresentation:ParseTreeTablePresentation,2,2,5.0,5.0,2.5,0.0,0.0,0.0,5.0,5.0,2.5,0.0,0.0,0.0,0.0,0.5,0.2,0.0,true
com.puppycrawl.tools.checkstyle.gui.ParseTreeTablePresentationTest:testGetValueAtDetailNode,5,5,32.0,13.0,6.4,0.0,0.0,0.0,32.0,13.0,6.4,0.0,0.0,0.0,0.0,0.2,0.0625,0.0,true
com.puppycrawl.tools.checkstyle.DetailNodeTreeStringPrinterTest:testNoUnnecessaryTextinJavadocAst,2,2,8.0,5.0,4.0,0.0,0.0,0.0,8.0,5.0,4.0,0.0,0.0,0.0,0.0,0.5,0.125,0.0,true
com.puppycrawl.tools.checkstyle.MainTest:testExistingTargetFile,1,1,26.0,26.0,26.0,90.0,90.0,90.0,-64.0,-64.0,-64.0,0.0,0.0,0.0,0.0,1.0,0.038461538461538464,0.017241379310344827,true
com.puppycrawl.tools.checkstyle.checks.coding.finallocalvariable.InputFinalLocalVariableFalsePositives:foo6,1,1,19.0,19.0,19.0,0.0,0.0,0.0,19.0,19.0,19.0,0.0,7.0,-1.0,-1.0,1.0,0.05263157894736842,0.0,true
com.puppycrawl.tools.checkstyle.checks.coding.PackageDeclarationCheckTest:testFileForDirectoryMismatchAtSubpackage,2,2,6.0,6.0,3.0,0.0,0.0,0.0,6.0,6.0,3.0,0.0,0.0,0.0,0.0,0.5,0.16666666666666666,0.0,true
com.puppycrawl.tools.checkstyle.checks.coding.finallocalvariable.InputFinalLocalVariableFalsePositives:foo7,1,1,19.0,19.0,19.0,0.0,0.0,0.0,19.0,19.0,19.0,0.0,7.0,-1.0,-1.0,1.0,0.05263157894736842,0.0,true
com.puppycrawl.tools.checkstyle.checks.coding.finallocalvariable.InputFinalLocalVariableFalsePositives:foo8,1,1,19.0,19.0,19.0,0.0,0.0,0.0,19.0,19.0,19.0,0.0,7.0,-1.0,-1.0,1.0,0.05263157894736842,0.0,true
com.puppycrawl.tools.checkstyle.grammars.javadoc.JavadocParseTreeTest:customJavadocTags,2,1,0.0,0.0,0.0,5.0,5.0,2.5,-5.0,-5.0,-2.5,0.0,0.0,0.0,0.0,1.0,0.0,0.0,true
com.puppycrawl.tools.checkstyle.checks.coding.finallocalvariable.InputFinalLocalVariableFalsePositives:foo9,1,1,19.0,19.0,19.0,0.0,0.0,0.0,19.0,19.0,19.0,0.0,7.0,-1.0,-1.0,1.0,0.05263157894736842,0.0,true
com.puppycrawl.tools.checkstyle.utils.TokenUtilsTest:testIsCommentType,1,1,6.0,6.0,6.0,0.0,0.0,0.0,6.0,6.0,6.0,0.0,0.0,0.0,0.0,1.0,0.16666666666666666,0.0,true
com.google.checkstyle.test.chapter5naming.rule526parameternames.ParameterNameTest:testGeneralParameterName,3,2,12.0,6.0,4.0,1.0,1.0,0.3333333333333333,11.0,5.0,3.6666666666666665,0.0,0.0,0.0,0.0,0.6666666666666666,0.16666666666666666,0.3076923076923077,true
com.puppycrawl.tools.checkstyle.checks.indentation.ClassDefHandler:getLeftCurly,1,1,3.0,3.0,3.0,0.0,0.0,0.0,3.0,3.0,3.0,0.0,0.0,0.0,0.0,1.0,0.3333333333333333,0.0,true
com.puppycrawl.tools.checkstyle.filters.SuppressWithNearbyCommentFilterTest:testUsingVariableMessage,1,1,9.0,9.0,9.0,0.0,0.0,0.0,9.0,9.0,9.0,0.0,0.0,0.0,0.0,1.0,0.1111111111111111,0.0,true
com.puppycrawl.tools.checkstyle.grammars.javadoc.JavadocParseTreeTest:testLinkToPackage,3,1,6.0,6.0,2.0,5.0,5.0,1.6666666666666667,1.0,1.0,0.33333333333333326,0.0,0.0,0.0,0.0,1.0,0.3333333333333333,0.36363636363636365,true
com.puppycrawl.tools.checkstyle.checks.imports.ImportControl:matchesAtFront,2,2,12.0,11.0,6.0,0.0,0.0,0.0,12.0,11.0,6.0,0.0,1.0,-1.0,-1.0,0.5,0.08333333333333333,0.0,true
com.puppycrawl.tools.checkstyle.Checker:addListener,1,1,0.0,0.0,0.0,0.0,0.0,0.0,0.0,0.0,0.0,0.0,0.0,0.0,0.0,1.0,0.0,0.0,true
com.puppycrawl.tools.checkstyle.XMLLoggerTest:testAddException,2,2,1.0,1.0,0.5,0.0,0.0,0.0,1.0,1.0,0.5,0.0,0.0,0.0,0.0,0.5,1.0,0.0,true
com.puppycrawl.tools.checkstyle.checks.whitespace.whitespaceafter.InputWhitespaceAfterLiteralElse:testFor,1,1,8.0,8.0,8.0,0.0,0.0,0.0,8.0,8.0,8.0,0.0,0.0,0.0,0.0,1.0,0.125,0.0,true
com.puppycrawl.tools.checkstyle.checks.sizes.OuterTypeNumberCheckTest:testWithInnerClass,1,1,2.0,2.0,2.0,0.0,0.0,0.0,2.0,2.0,2.0,0.0,0.0,0.0,0.0,1.0,0.5,0.0,true
com.google.checkstyle.test.chapter4formatting.rule451wheretobreak.SeparatorWrapTest:testSeparatorWrapComma,2,2,14.0,7.0,7.0,0.0,0.0,0.0,14.0,7.0,7.0,0.0,0.0,0.0,0.0,0.5,0.14285714285714285,0.0,true
com.puppycrawl.tools.checkstyle.checks.imports.CustomImportOrderCheck:setStandardPackageRegExp,1,1,2.0,2.0,2.0,0.0,0.0,0.0,2.0,2.0,2.0,0.0,0.0,0.0,0.0,1.0,0.5,0.0,true
com.puppycrawl.tools.checkstyle.checks.imports.CustomImportOrderCheckTest:testSamePackageDepthNotInt,3,3,45.0,44.0,15.0,8.0,8.0,2.6666666666666665,37.0,36.0,12.333333333333334,0.0,0.0,0.0,0.0,0.3333333333333333,0.022222222222222223,0.05660377358490566,true
com.puppycrawl.tools.checkstyle.checks.indentation.IndentationCheckTest:testTryResources,1,1,1.0,1.0,1.0,0.0,0.0,0.0,1.0,1.0,1.0,0.0,0.0,0.0,0.0,1.0,1.0,0.0,true
com.puppycrawl.tools.checkstyle.checks.imports.ImportOrderCheckTest:testUseContainerOrderingForStaticFalse,2,2,12.0,12.0,6.0,0.0,0.0,0.0,12.0,12.0,6.0,0.0,0.0,0.0,0.0,0.5,0.08333333333333333,0.0,true
com.puppycrawl.tools.checkstyle.CheckerTest:testAddAuditListenerAsChild,1,1,6.0,6.0,6.0,0.0,0.0,0.0,6.0,6.0,6.0,0.0,0.0,0.0,0.0,1.0,0.16666666666666666,0.0,true
com.puppycrawl.tools.checkstyle.checks.design.DesignForExtensionCheck:getAnnotationName,1,1,5.0,5.0,5.0,0.0,0.0,0.0,5.0,5.0,5.0,0.0,0.0,0.0,0.0,1.0,0.2,0.0,true
com.puppycrawl.tools.checkstyle.utils.CommonUtilsTest:testBadRegex,2,2,35.0,33.0,17.5,1.0,1.0,0.5,34.0,32.0,17.0,0.0,0.0,0.0,0.0,0.5,0.02857142857142857,0.05555555555555555,true
com.puppycrawl.tools.checkstyle.utils.CommonUtilsTest:testIsNameInvalidSymbol,1,1,3.0,3.0,3.0,0.0,0.0,0.0,3.0,3.0,3.0,0.0,0.0,0.0,0.0,1.0,0.3333333333333333,0.0,true
com.google.checkstyle.test.chapter2filebasic.rule21filename.OuterTypeFilenameTest:testOuterTypeFilename1,1,1,7.0,7.0,7.0,0.0,0.0,0.0,7.0,7.0,7.0,0.0,0.0,0.0,0.0,1.0,0.14285714285714285,0.0,true
com.puppycrawl.tools.checkstyle.checks.coding.RequireThisCheck:getClassFrameWhereViolationIsFound,2,2,36.0,32.0,18.0,59.0,32.0,29.5,-23.0,0.0,-11.5,0.0,5.0,1.0,1.0,0.5,0.027777777777777776,0.021052631578947368,true
com.puppycrawl.tools.checkstyle.checks.regexp.MultilineDetector:findMatch,1,1,1.0,1.0,1.0,1.0,1.0,1.0,0.0,0.0,0.0,0.0,0.0,0.0,0.0,1.0,1.0,1.0,true
com.puppycrawl.tools.checkstyle.utils.CommonUtilsTest:testGetFileExtensionForFileNameWithoutExtension,1,1,5.0,5.0,5.0,0.0,0.0,0.0,5.0,5.0,5.0,0.0,0.0,0.0,0.0,1.0,0.2,0.0,true
com.puppycrawl.tools.checkstyle.checks.ClassResolver:isLoadable,3,2,14.0,13.0,4.666666666666667,0.0,0.0,0.0,14.0,13.0,4.666666666666667,0.0,2.0,0.0,0.0,0.6666666666666666,0.07142857142857142,0.0,true
com.google.checkstyle.test.chapter2filebasic.rule21filename.OuterTypeFilenameTest:testOuterTypeFilename3,1,1,7.0,7.0,7.0,0.0,0.0,0.0,7.0,7.0,7.0,0.0,0.0,0.0,0.0,1.0,0.14285714285714285,0.0,true
com.google.checkstyle.test.chapter2filebasic.rule21filename.OuterTypeFilenameTest:testOuterTypeFilename2,1,1,7.0,7.0,7.0,0.0,0.0,0.0,7.0,7.0,7.0,0.0,0.0,0.0,0.0,1.0,0.14285714285714285,0.0,true
com.puppycrawl.tools.checkstyle.checks.blocks.RightCurlyCheck:shouldHaveBeLineBreakBefore,1,1,33.0,33.0,33.0,0.0,0.0,0.0,33.0,33.0,33.0,0.0,0.0,0.0,0.0,1.0,0.030303030303030304,0.0,true
com.puppycrawl.tools.checkstyle.checks.whitespace.ParenPadCheck:visitToken,2,2,3.0,2.0,1.5,0.0,0.0,0.0,3.0,2.0,1.5,0.0,0.0,0.0,0.0,0.5,0.3333333333333333,0.0,true
com.puppycrawl.tools.checkstyle.api.FileContents:hasIntersectionWithBlockComment,2,2,16.0,12.0,8.0,0.0,0.0,0.0,16.0,12.0,8.0,0.0,0.0,0.0,0.0,0.5,0.0625,0.0,true
com.puppycrawl.tools.checkstyle.checks.metrics.NPathComplexityCheck:getLastToken,1,1,66.0,66.0,66.0,8.0,8.0,8.0,58.0,58.0,58.0,0.0,0.0,0.0,0.0,1.0,0.015151515151515152,0.02702702702702703,true
com.puppycrawl.tools.checkstyle.grammars.java8.InputLambda3:main,1,1,1.0,1.0,1.0,0.0,0.0,0.0,1.0,1.0,1.0,0.0,0.0,0.0,0.0,1.0,1.0,0.0,true
com.puppycrawl.tools.checkstyle.utils.CheckUtilsTest:testIsNonViodMethod,1,1,21.0,21.0,21.0,0.0,0.0,0.0,21.0,21.0,21.0,0.0,0.0,0.0,0.0,1.0,0.047619047619047616,0.0,true
com.puppycrawl.tools.checkstyle.checks.naming.AbbreviationAsWordInNameCheck:setAllowedAbbreviations,1,1,0.0,0.0,0.0,0.0,0.0,0.0,0.0,0.0,0.0,0.0,0.0,0.0,0.0,1.0,0.0,0.0,true
com.puppycrawl.tools.checkstyle.checks.coding.HiddenFieldCheck:isIgnoredSetterParam,1,1,0.0,0.0,0.0,0.0,0.0,0.0,0.0,0.0,0.0,0.0,0.0,0.0,0.0,1.0,0.0,0.0,true
com.puppycrawl.tools.checkstyle.CheckerTest:testCacheAndCheckWhichAddsNewResourceLocationButKeepsSameCheckerInstance,4,4,33.0,28.0,8.25,50.0,50.0,12.5,-17.0,-22.0,-4.25,0.0,0.0,0.0,0.0,0.25,0.030303030303030304,0.04819277108433735,true
com.puppycrawl.tools.checkstyle.checks.javadoc.InputCorrectSummaryJavaDoc:foo10,1,1,3.0,3.0,3.0,0.0,0.0,0.0,3.0,3.0,3.0,0.0,0.0,0.0,0.0,1.0,0.3333333333333333,0.0,true
com.puppycrawl.tools.checkstyle.utils.blockcommentposition.InputBlockCommentPositionOnMethod:method2,1,1,4.0,4.0,4.0,0.0,0.0,0.0,4.0,4.0,4.0,0.0,0.0,0.0,0.0,1.0,0.25,0.0,true
com.puppycrawl.tools.checkstyle.checks.indentation.IndentationCheckTest:testInvalidSwitchWithChecker,1,1,1.0,1.0,1.0,0.0,0.0,0.0,1.0,1.0,1.0,0.0,0.0,0.0,0.0,1.0,1.0,0.0,true
com.puppycrawl.tools.checkstyle.utils.blockcommentposition.InputBlockCommentPositionOnMethod:method1,1,1,4.0,4.0,4.0,0.0,0.0,0.0,4.0,4.0,4.0,0.0,0.0,0.0,0.0,1.0,0.25,0.0,true
com.puppycrawl.tools.checkstyle.TreeWalkerTest:testBehaviourWithOrdinaryAndCommentChecks,2,1,17.0,17.0,8.5,0.0,0.0,0.0,17.0,17.0,8.5,0.0,0.0,0.0,0.0,1.0,0.058823529411764705,0.0,true
com.puppycrawl.tools.checkstyle.MainTest:testExcludeOption,2,2,34.0,26.0,17.0,90.0,90.0,45.0,-56.0,-64.0,-28.0,0.0,0.0,0.0,0.0,0.5,0.029411764705882353,0.016129032258064516,true
com.puppycrawl.tools.checkstyle.filters.SuppressWithNearbyCommentFilter:tagCommentLine,1,1,1.0,1.0,1.0,3.0,3.0,3.0,-2.0,-2.0,-2.0,0.0,0.0,0.0,0.0,1.0,1.0,0.5,true
com.puppycrawl.tools.checkstyle.utils.ModuleReflectionUtils:isFilterModule,1,1,4.0,4.0,4.0,0.0,0.0,0.0,4.0,4.0,4.0,0.0,0.0,0.0,0.0,1.0,0.25,0.0,true
com.puppycrawl.tools.checkstyle.checks.coding.IllegalInstantiationCheck:finishTree,1,1,1.0,1.0,1.0,1.0,1.0,1.0,0.0,0.0,0.0,0.0,0.0,0.0,0.0,1.0,1.0,1.0,true
com.puppycrawl.tools.checkstyle.utils.ModuleReflectionUtils:isFileFilterModule,1,1,4.0,4.0,4.0,0.0,0.0,0.0,4.0,4.0,4.0,0.0,0.0,0.0,0.0,1.0,0.25,0.0,true
com.puppycrawl.tools.checkstyle.checks.imports.CustomImportOrderCheck:hasAnyImportInCurrentGroup,1,1,4.0,4.0,4.0,2.0,2.0,2.0,2.0,2.0,2.0,0.0,0.0,1.0,1.0,1.0,0.25,0.3333333333333333,true
com.puppycrawl.tools.checkstyle.checks.imports.IllegalImportCheckTest:testWithSupplied,1,1,6.0,6.0,6.0,0.0,0.0,0.0,6.0,6.0,6.0,0.0,0.0,0.0,0.0,1.0,0.16666666666666666,0.0,true
com.puppycrawl.tools.checkstyle.JavadocDetailNodeParser:createJavadocNode,1,1,5.0,5.0,5.0,0.0,0.0,0.0,5.0,5.0,5.0,0.0,0.0,0.0,0.0,1.0,0.2,0.0,true
com.puppycrawl.tools.checkstyle.checks.coding.ParameterAssignmentCheck:visitMethodDef,1,1,1.0,1.0,1.0,0.0,0.0,0.0,1.0,1.0,1.0,0.0,0.0,0.0,0.0,1.0,1.0,0.0,true
com.puppycrawl.tools.checkstyle.checks.naming.AbbreviationAsWordInNameCheck:visitToken,1,1,0.0,0.0,0.0,0.0,0.0,0.0,0.0,0.0,0.0,0.0,0.0,0.0,0.0,1.0,0.0,0.0,true
com.puppycrawl.tools.checkstyle.checks.blocks.RightCurlyCheckTest:testBracePolicyAloneAndSinglelineIfBlocks,1,1,2.0,2.0,2.0,0.0,0.0,0.0,2.0,2.0,2.0,0.0,0.0,0.0,0.0,1.0,0.5,0.0,true
com.puppycrawl.tools.checkstyle.grammars.javadoc.JavadocParseTreeTest:linkInlineTags,2,1,0.0,0.0,0.0,5.0,5.0,2.5,-5.0,-5.0,-2.5,0.0,0.0,0.0,0.0,1.0,0.0,0.0,true
com.google.checkstyle.test.chapter4formatting.rule412nonemptyblocks.RightCurlyTest:testRightCurlyAloneOther,1,1,15.0,15.0,15.0,1.0,1.0,1.0,14.0,14.0,14.0,0.0,0.0,0.0,0.0,1.0,0.06666666666666667,0.125,true
com.puppycrawl.tools.checkstyle.MainTest:testExistingIncorrectChildrenInConfigFile,2,2,29.0,26.0,14.5,90.0,90.0,45.0,-61.0,-64.0,-30.5,0.0,0.0,0.0,0.0,0.5,0.034482758620689655,0.01680672268907563,true
com.puppycrawl.tools.checkstyle.checks.UniquePropertiesCheckTest:testLineSeparatorOptionValueOf,1,1,2.0,2.0,2.0,0.0,0.0,0.0,2.0,2.0,2.0,0.0,0.0,0.0,0.0,1.0,0.5,0.0,true
com.puppycrawl.tools.checkstyle.checks.coding.PackageDeclarationCheck:finishTree,1,1,19.0,19.0,19.0,0.0,0.0,0.0,19.0,19.0,19.0,0.0,2.0,0.0,0.0,1.0,0.05263157894736842,0.0,true
com.puppycrawl.tools.checkstyle.grammars.javadoc.JavadocParseTreeTest:testJavadocWithCrAsNewline,1,1,3.0,3.0,3.0,0.0,0.0,0.0,3.0,3.0,3.0,0.0,0.0,0.0,0.0,1.0,0.3333333333333333,0.0,true
com.puppycrawl.tools.checkstyle.checks.sizes.OuterTypeNumberCheckTest:testDefault,1,1,2.0,2.0,2.0,0.0,0.0,0.0,2.0,2.0,2.0,0.0,0.0,0.0,0.0,1.0,0.5,0.0,true
com.puppycrawl.tools.checkstyle.checks.metrics.InputNPathComplexity:testComplexIfElse,1,1,12.0,12.0,12.0,0.0,0.0,0.0,12.0,12.0,12.0,0.0,0.0,0.0,0.0,1.0,0.08333333333333333,0.0,true
com.puppycrawl.tools.checkstyle.checks.annotation.MissingDeprecatedCheckTest:getPath,1,1,1.0,1.0,1.0,0.0,0.0,0.0,1.0,1.0,1.0,0.0,0.0,0.0,0.0,1.0,1.0,0.0,true
com.puppycrawl.tools.checkstyle.api.FileContents:reportBlockComment,1,1,4.0,4.0,4.0,0.0,0.0,0.0,4.0,4.0,4.0,0.0,0.0,0.0,0.0,1.0,0.25,0.0,true
com.puppycrawl.tools.checkstyle.utils.JavadocUtilsTest:testEmptyJavadocCommentAst,1,1,6.0,6.0,6.0,0.0,0.0,0.0,6.0,6.0,6.0,0.0,0.0,0.0,0.0,1.0,0.16666666666666666,0.0,true
com.puppycrawl.tools.checkstyle.utils.CommonUtilsTest:testIsNameEmptyLastPart,1,1,3.0,3.0,3.0,0.0,0.0,0.0,3.0,3.0,3.0,0.0,0.0,0.0,0.0,1.0,0.3333333333333333,0.0,true
com.puppycrawl.tools.checkstyle.checks.coding.ExplicitInitializationCheckTest:getPath,1,1,0.0,0.0,0.0,0.0,0.0,0.0,0.0,0.0,0.0,0.0,0.0,0.0,0.0,1.0,0.0,0.0,true
com.puppycrawl.tools.checkstyle.utils.ScopeUtilsTest:testIsInInterfaceBlock,1,1,12.0,12.0,12.0,0.0,0.0,0.0,12.0,12.0,12.0,0.0,0.0,0.0,0.0,1.0,0.08333333333333333,0.0,true
com.google.checkstyle.test.chapter4formatting.rule485annotations.InputAnnotationLocationVariables:foo42,1,1,2.0,2.0,2.0,0.0,0.0,0.0,2.0,2.0,2.0,0.0,0.0,0.0,0.0,1.0,0.5,0.0,true
com.puppycrawl.tools.checkstyle.checks.ClassResolver:resolveMatchingExplicitImport,1,1,13.0,13.0,13.0,0.0,0.0,0.0,13.0,13.0,13.0,0.0,2.0,0.0,0.0,1.0,0.07692307692307693,0.0,true
com.puppycrawl.tools.checkstyle.MainTest:testExistingTargetFileXmlOutput,1,1,26.0,26.0,26.0,90.0,90.0,90.0,-64.0,-64.0,-64.0,0.0,0.0,0.0,0.0,1.0,0.038461538461538464,0.017241379310344827,true
com.google.checkstyle.test.chapter2filebasic.rule233nonascii.AvoidEscapedUnicodeCharactersTest:testUnicodeEscapes,1,1,7.0,7.0,7.0,0.0,0.0,0.0,7.0,7.0,7.0,0.0,0.0,0.0,0.0,1.0,0.14285714285714285,0.0,true
com.puppycrawl.tools.checkstyle.checks.annotation.MissingDeprecatedCheckTest:testGetRequiredTokens,1,1,0.0,0.0,0.0,0.0,0.0,0.0,0.0,0.0,0.0,0.0,0.0,0.0,0.0,1.0,0.0,0.0,true
com.puppycrawl.tools.checkstyle.utils.ModuleReflectionUtils:getCheckstyleModules,1,1,4.0,4.0,4.0,0.0,0.0,0.0,4.0,4.0,4.0,0.0,0.0,0.0,0.0,1.0,0.25,0.0,true
com.puppycrawl.tools.checkstyle.internal.AllChecksTest:testAllChecksAreReferencedInConfigFile,1,1,0.0,0.0,0.0,10.0,10.0,10.0,-10.0,-10.0,-10.0,0.0,1.0,0.0,0.0,1.0,0.0,0.0,true
com.puppycrawl.tools.checkstyle.checks.whitespace.EmptyLineSeparatorCheck:isPrePreviousLineEmpty,1,1,1.0,1.0,1.0,0.0,0.0,0.0,1.0,1.0,1.0,0.0,0.0,0.0,0.0,1.0,1.0,0.0,true
com.puppycrawl.tools.checkstyle.checks.annotation.AnnotationUseStyleCheckTest:testStyleCompact,1,1,6.0,6.0,6.0,0.0,0.0,0.0,6.0,6.0,6.0,0.0,0.0,0.0,0.0,1.0,0.16666666666666666,0.0,true
com.puppycrawl.tools.checkstyle.checks.coding.IllegalTypeCheckTest:testLegalAbstractClassNames,1,1,0.0,0.0,0.0,0.0,0.0,0.0,0.0,0.0,0.0,0.0,0.0,0.0,0.0,1.0,0.0,0.0,true
com.google.checkstyle.test.chapter3filestructure.rule341onetoplevel.OneTopLevelClassTest:testBad,1,1,9.0,9.0,9.0,0.0,0.0,0.0,9.0,9.0,9.0,0.0,0.0,0.0,0.0,1.0,0.1111111111111111,0.0,true
com.puppycrawl.tools.checkstyle.PropertyCacheFileTest:testExternalResourseIsSavedInCache,1,1,6.0,6.0,6.0,0.0,0.0,0.0,6.0,6.0,6.0,0.0,0.0,0.0,0.0,1.0,0.16666666666666666,0.0,true
com.puppycrawl.tools.checkstyle.checks.coding.RequireThisCheckTest:getPath,1,1,0.0,0.0,0.0,0.0,0.0,0.0,0.0,0.0,0.0,0.0,0.0,0.0,0.0,1.0,0.0,0.0,true
com.puppycrawl.tools.checkstyle.checks.annotation.AnnotationLocationCheckTest:testAllTokens,1,1,2.0,2.0,2.0,0.0,0.0,0.0,2.0,2.0,2.0,0.0,0.0,0.0,0.0,1.0,0.5,0.0,true
com.puppycrawl.tools.checkstyle.PropertyCacheFileTest:testPutNonExsistingExternalResourceDifferentExceptionsBetweenRuns,2,2,30.0,30.0,15.0,0.0,0.0,0.0,30.0,30.0,15.0,0.0,0.0,0.0,0.0,0.5,0.03333333333333333,0.0,true
com.google.checkstyle.test.base.BaseCheckTestSupport:getCheckConfigs,2,2,17.0,17.0,8.5,0.0,0.0,0.0,17.0,17.0,8.5,0.0,3.0,-1.0,-1.0,0.5,0.058823529411764705,0.0,true
com.puppycrawl.tools.checkstyle.checks.indentation.indentation.InputIndentationMethodCStyle:InputIndentationMethodCStyle,1,1,2.0,2.0,2.0,0.0,0.0,0.0,2.0,2.0,2.0,0.0,0.0,0.0,0.0,1.0,0.5,0.0,true
com.puppycrawl.tools.checkstyle.ant.CheckstyleAntTaskTest:testSimultaneousConfiguration,2,2,10.0,10.0,5.0,9.0,9.0,4.5,1.0,1.0,0.5,0.0,0.0,0.0,0.0,0.5,0.1,0.10526315789473684,true
com.puppycrawl.tools.checkstyle.checks.coding.superclone.InputSuperCloneInnerAndWithArguments:method,1,1,4.0,4.0,4.0,0.0,0.0,0.0,4.0,4.0,4.0,0.0,0.0,0.0,0.0,1.0,0.25,0.0,true
com.puppycrawl.tools.checkstyle.gui.ParseTreeTableModel:getValueAt,1,1,0.0,0.0,0.0,0.0,0.0,0.0,0.0,0.0,0.0,0.0,0.0,0.0,0.0,1.0,0.0,0.0,true
com.puppycrawl.tools.checkstyle.PackageObjectFactory:fillModulesFromFilefiltersPackage,1,1,5.0,5.0,5.0,0.0,0.0,0.0,5.0,5.0,5.0,0.0,0.0,0.0,0.0,1.0,0.2,0.0,true
com.puppycrawl.tools.checkstyle.checks.imports.IllegalImportCheckTest:testIllegalClassessRegularExpression,2,2,13.0,7.0,6.5,0.0,0.0,0.0,13.0,7.0,6.5,0.0,0.0,0.0,0.0,0.5,0.07692307692307693,0.0,true
com.puppycrawl.tools.checkstyle.TestRootModuleChecker:isProcessed,1,1,2.0,2.0,2.0,0.0,0.0,0.0,2.0,2.0,2.0,0.0,0.0,0.0,0.0,1.0,0.5,0.0,true
com.puppycrawl.tools.checkstyle.filters.SuppressionsLoaderTest:testNoFile,1,1,1.0,1.0,1.0,0.0,0.0,0.0,1.0,1.0,1.0,0.0,0.0,0.0,0.0,1.0,1.0,0.0,true
com.puppycrawl.tools.checkstyle.utils.BlockCommentPositionTest:getJavadocsCount,1,1,8.0,8.0,8.0,0.0,0.0,0.0,8.0,8.0,8.0,0.0,0.0,0.0,0.0,1.0,0.125,0.0,true
com.google.checkstyle.test.chapter4formatting.rule462horizontalwhitespace.WhitespaceAroundTest:testWhitespaceAroundEmptyTypesCycles,1,1,7.0,7.0,7.0,0.0,0.0,0.0,7.0,7.0,7.0,0.0,0.0,0.0,0.0,1.0,0.14285714285714285,0.0,true
com.puppycrawl.tools.checkstyle.grammars.javadoc.JavadocParseTreeTest:seeReferenceWithFewNestedClasses,2,1,0.0,0.0,0.0,5.0,5.0,2.5,-5.0,-5.0,-2.5,0.0,0.0,0.0,0.0,1.0,0.0,0.0,true
com.puppycrawl.tools.checkstyle.checks.design.DesignForExtensionCheck:isNativeMethod,1,1,5.0,5.0,5.0,0.0,0.0,0.0,5.0,5.0,5.0,0.0,0.0,0.0,0.0,1.0,0.2,0.0,true
com.puppycrawl.tools.checkstyle.internal.ConfigurationUtil:loadConfiguration,1,1,9.0,9.0,9.0,0.0,0.0,0.0,9.0,9.0,9.0,0.0,1.0,0.0,0.0,1.0,0.1111111111111111,0.0,true
com.puppycrawl.tools.checkstyle.PropertyCacheFileTest:testCacheDirectoryDoesNotExistAndShouldBeCreated,1,1,10.0,10.0,10.0,0.0,0.0,0.0,10.0,10.0,10.0,0.0,0.0,0.0,0.0,1.0,0.1,0.0,true
com.puppycrawl.tools.checkstyle.checks.header.RegexpHeaderCheckTest:testReaderClosedAfterHeaderRead,2,2,21.0,12.0,10.5,0.0,0.0,0.0,21.0,12.0,10.5,0.0,0.0,0.0,0.0,0.5,0.047619047619047616,0.0,true
com.puppycrawl.tools.checkstyle.checks.sizes.MethodLengthCheckTest:testIt,1,1,2.0,2.0,2.0,0.0,0.0,0.0,2.0,2.0,2.0,0.0,0.0,0.0,0.0,1.0,0.5,0.0,true
com.puppycrawl.tools.checkstyle.api.AbstractFileSetCheckTest:testProcessSequential,1,1,10.0,10.0,10.0,0.0,0.0,0.0,10.0,10.0,10.0,0.0,0.0,0.0,0.0,1.0,0.1,0.0,true
com.puppycrawl.tools.checkstyle.gui.CodeSelectorPresentationTest:convertLinesToPosition,1,1,7.0,7.0,7.0,0.0,0.0,0.0,7.0,7.0,7.0,0.0,0.0,0.0,0.0,1.0,0.14285714285714285,0.0,true
com.puppycrawl.tools.checkstyle.gui.ParseTreeTablePresentation:getChildAtDetailAst,2,2,104.0,77.0,52.0,12.0,8.0,6.0,92.0,69.0,46.0,0.0,2.0,-2.0,-2.0,0.5,0.009615384615384616,0.017241379310344827,true
com.puppycrawl.tools.checkstyle.checks.imports.CustomImportOrderCheckTest:testDefaultPackage2,1,1,1.0,1.0,1.0,0.0,0.0,0.0,1.0,1.0,1.0,0.0,0.0,0.0,0.0,1.0,1.0,0.0,true
com.puppycrawl.tools.checkstyle.checks.indentation.LineWrappingHandler:checkIndentation,1,1,41.0,41.0,41.0,22.0,22.0,22.0,19.0,19.0,19.0,0.0,1.0,1.0,1.0,1.0,0.024390243902439025,0.031746031746031744,true
com.puppycrawl.tools.checkstyle.checks.TranslationCheckTest:testTranslationFilesAreMissing,1,1,0.0,0.0,0.0,0.0,0.0,0.0,0.0,0.0,0.0,0.0,0.0,0.0,0.0,1.0,0.0,0.0,true
com.puppycrawl.tools.checkstyle.checks.imports.ImportControlCheckTest:testPkgRegExpInParent,2,2,8.0,5.0,4.0,0.0,0.0,0.0,8.0,5.0,4.0,0.0,0.0,0.0,0.0,0.5,0.125,0.0,true
com.puppycrawl.tools.checkstyle.packageobjectfactory.bar.FooCheck:getRequiredTokens,1,1,3.0,3.0,3.0,0.0,0.0,0.0,3.0,3.0,3.0,0.0,0.0,0.0,0.0,1.0,0.3333333333333333,0.0,true
com.puppycrawl.tools.checkstyle.checks.imports.ImportControlCheck:setUrl,2,2,1.0,1.0,0.5,5.0,5.0,2.5,-4.0,-4.0,-2.0,0.0,1.0,0.0,0.0,0.5,1.0,0.3333333333333333,true
com.puppycrawl.tools.checkstyle.checks.imports.UnusedImportsCheckTest:testBug,1,1,1.0,1.0,1.0,0.0,0.0,0.0,1.0,1.0,1.0,0.0,0.0,0.0,0.0,1.0,1.0,0.0,true
com.puppycrawl.tools.checkstyle.PackageObjectFactory:fillChecksFromCodingPackage,1,1,5.0,5.0,5.0,0.0,0.0,0.0,5.0,5.0,5.0,0.0,0.0,0.0,0.0,1.0,0.2,0.0,true
com.puppycrawl.tools.checkstyle.api.AbstractCheck:getAcceptableTokens,1,1,2.0,2.0,2.0,1.0,1.0,1.0,1.0,1.0,1.0,0.0,0.0,0.0,0.0,1.0,0.5,0.6666666666666666,true
com.puppycrawl.tools.checkstyle.checks.indentation.IndentationCheckTest:testInvalidAssignWithChecker,1,1,1.0,1.0,1.0,0.0,0.0,0.0,1.0,1.0,1.0,0.0,0.0,0.0,0.0,1.0,1.0,0.0,true
com.puppycrawl.tools.checkstyle.gui.ParseTreeTablePresentation:getColumnClass,2,2,77.0,77.0,38.5,4.0,4.0,2.0,73.0,73.0,36.5,0.0,1.0,-1.0,-1.0,0.5,0.012987012987012988,0.024691358024691357,true
com.puppycrawl.tools.checkstyle.checks.javadoc.InputJavadocReceiverParameter:foo,1,1,4.0,4.0,4.0,0.0,0.0,0.0,4.0,4.0,4.0,0.0,0.0,0.0,0.0,1.0,0.25,0.0,true
com.puppycrawl.tools.checkstyle.checks.whitespace.SingleSpaceSeparatorCheckTest:testSpaceErrorsIfCommentsIgnored,1,1,0.0,0.0,0.0,0.0,0.0,0.0,0.0,0.0,0.0,0.0,0.0,0.0,0.0,1.0,0.0,0.0,true
com.puppycrawl.tools.checkstyle.checks.coding.IllegalTypeCheck:isCheckedMethod,1,1,0.0,0.0,0.0,0.0,0.0,0.0,0.0,0.0,0.0,0.0,0.0,0.0,0.0,1.0,0.0,0.0,true
com.puppycrawl.tools.checkstyle.api.AbstractViolationReporterTest:testCustomId,1,1,1.0,1.0,1.0,0.0,0.0,0.0,1.0,1.0,1.0,0.0,0.0,0.0,0.0,1.0,1.0,0.0,true
com.puppycrawl.tools.checkstyle.checks.coding.finallocalvariable.InputFinalLocalVariableMultipleAndNestedConditions:getName,1,1,3.0,3.0,3.0,0.0,0.0,0.0,3.0,3.0,3.0,0.0,0.0,0.0,0.0,1.0,0.3333333333333333,0.0,true
com.puppycrawl.tools.checkstyle.checks.coding.PackageDeclarationCheckTest:testFileIgnoreDirectoryMismatchAtParent,2,2,6.0,6.0,3.0,0.0,0.0,0.0,6.0,6.0,3.0,0.0,0.0,0.0,0.0,0.5,0.16666666666666666,0.0,true
com.puppycrawl.tools.checkstyle.checks.coding.nofinalizer.InputNoFinalizerFallThrough:method1472228,1,1,9.0,9.0,9.0,0.0,0.0,0.0,9.0,9.0,9.0,0.0,0.0,0.0,0.0,1.0,0.1111111111111111,0.0,true
com.puppycrawl.tools.checkstyle.checks.modifier.redundantmodifier.InputRedundantModifierFinalInAbstractMethods:method,1,1,1.0,1.0,1.0,0.0,0.0,0.0,1.0,1.0,1.0,0.0,0.0,0.0,0.0,1.0,1.0,0.0,true
com.puppycrawl.tools.checkstyle.PropertyCacheFileTest:testChangeInConfig,1,1,30.0,30.0,30.0,0.0,0.0,0.0,30.0,30.0,30.0,0.0,0.0,0.0,0.0,1.0,0.03333333333333333,0.0,true
com.puppycrawl.tools.checkstyle.utils.ScopeUtilsTest:testInEnumOnRoot,1,1,12.0,12.0,12.0,0.0,0.0,0.0,12.0,12.0,12.0,0.0,0.0,0.0,0.0,1.0,0.08333333333333333,0.0,true
com.puppycrawl.tools.checkstyle.PackageObjectFactoryTest:testCtorException,3,3,12.0,9.0,4.0,0.0,0.0,0.0,12.0,9.0,4.0,0.0,0.0,0.0,0.0,0.3333333333333333,0.08333333333333333,0.0,true
com.google.checkstyle.test.chapter4formatting.rule462horizontalwhitespace.WhitespaceAroundTest:testWhitespaceAroundBasic,2,2,7.0,7.0,3.5,0.0,0.0,0.0,7.0,7.0,3.5,0.0,0.0,0.0,0.0,0.5,0.14285714285714285,0.0,true
com.puppycrawl.tools.checkstyle.checks.imports.ImportControlCheckTest:testStrategyOnMismatchTwo,2,2,11.0,6.0,5.5,0.0,0.0,0.0,11.0,6.0,5.5,0.0,0.0,0.0,0.0,0.5,0.09090909090909091,0.0,true
com.puppycrawl.tools.checkstyle.checks.javadoc.SummaryJavadocCheckTest:testDefaultConfiguration,1,1,0.0,0.0,0.0,0.0,0.0,0.0,0.0,0.0,0.0,0.0,0.0,0.0,0.0,1.0,0.0,0.0,true
com.puppycrawl.tools.checkstyle.filters.SuppressWithNearbyCommentFilterTest:testInvalidCheckFormat,2,2,2.0,2.0,1.0,0.0,0.0,0.0,2.0,2.0,1.0,0.0,0.0,0.0,0.0,0.5,0.5,0.0,true
com.puppycrawl.tools.checkstyle.checks.javadoc.SingleLineJavadocCheck:getRequiredJavadocTokens,1,1,3.0,3.0,3.0,0.0,0.0,0.0,3.0,3.0,3.0,0.0,0.0,0.0,0.0,1.0,0.3333333333333333,0.0,true
com.puppycrawl.tools.checkstyle.checks.javadoc.AbstractJavadocCheck:init,1,1,7.0,7.0,7.0,0.0,0.0,0.0,7.0,7.0,7.0,0.0,0.0,0.0,0.0,1.0,0.14285714285714285,0.0,true
com.puppycrawl.tools.checkstyle.PackageObjectFactory:fillModulesFromChecksPackage,1,1,5.0,5.0,5.0,0.0,0.0,0.0,5.0,5.0,5.0,0.0,0.0,0.0,0.0,1.0,0.2,0.0,true
com.puppycrawl.tools.checkstyle.checks.metrics.NPathComplexityCheckTest:testCalculation2,1,1,3.0,3.0,3.0,0.0,0.0,0.0,3.0,3.0,3.0,0.0,0.0,0.0,0.0,1.0,0.3333333333333333,0.0,true
com.puppycrawl.tools.checkstyle.checks.imports.PkgImportRuleTest:testPkgImportRuleExactMatch,2,2,43.0,34.0,21.5,0.0,0.0,0.0,43.0,34.0,21.5,0.0,0.0,0.0,0.0,0.5,0.023255813953488372,0.0,true
com.puppycrawl.tools.checkstyle.checks.javadoc.AbstractJavadocCheck:getAcceptableJavadocTokens,1,1,7.0,7.0,7.0,0.0,0.0,0.0,7.0,7.0,7.0,0.0,0.0,0.0,0.0,1.0,0.14285714285714285,0.0,true
com.puppycrawl.tools.checkstyle.api.FileContents:getCppComments,1,1,4.0,4.0,4.0,0.0,0.0,0.0,4.0,4.0,4.0,0.0,0.0,0.0,0.0,1.0,0.25,0.0,true
com.puppycrawl.tools.checkstyle.checks.coding.fallthrough.InputFallThrough:methodFallThruC,1,1,9.0,9.0,9.0,0.0,0.0,0.0,9.0,9.0,9.0,0.0,0.0,0.0,0.0,1.0,0.1111111111111111,0.0,true
com.puppycrawl.tools.checkstyle.checks.coding.FinalLocalVariableCheck:isUseOfExternalVariableInsideLoop,2,2,0.0,0.0,0.0,0.0,0.0,0.0,0.0,0.0,0.0,0.0,0.0,0.0,0.0,0.5,0.0,0.0,true
com.puppycrawl.tools.checkstyle.checks.coding.finallocalvariable.InputFinalLocalVariableFalsePositives:foo100,1,1,18.0,18.0,18.0,0.0,0.0,0.0,18.0,18.0,18.0,0.0,3.0,-3.0,-3.0,1.0,0.05555555555555555,0.0,true
com.puppycrawl.tools.checkstyle.checks.metrics.InputNPathComplexity:testSimpleSwitch,1,1,12.0,12.0,12.0,0.0,0.0,0.0,12.0,12.0,12.0,0.0,0.0,0.0,0.0,1.0,0.08333333333333333,0.0,true
com.puppycrawl.tools.checkstyle.checks.ClassResolver:resolve,1,1,13.0,13.0,13.0,0.0,0.0,0.0,13.0,13.0,13.0,0.0,2.0,0.0,0.0,1.0,0.07692307692307693,0.0,true
com.puppycrawl.tools.checkstyle.checks.metrics.InputNPathComplexity:testWhileCyclesComplex,1,1,12.0,12.0,12.0,0.0,0.0,0.0,12.0,12.0,12.0,0.0,0.0,0.0,0.0,1.0,0.08333333333333333,0.0,true
com.puppycrawl.tools.checkstyle.ant.CheckstyleAntTaskTest:testPathsDirectoryWithNestedFile,2,2,14.0,14.0,7.0,0.0,0.0,0.0,14.0,14.0,7.0,0.0,0.0,0.0,0.0,0.5,0.07142857142857142,0.0,true
com.puppycrawl.tools.checkstyle.checks.imports.ImportControlRegExpInPkgTest:testAlternationInSubpackageIsHandledCorrectly,2,2,10.0,7.0,5.0,0.0,0.0,0.0,10.0,7.0,5.0,0.0,0.0,0.0,0.0,0.5,0.1,0.0,true
com.puppycrawl.tools.checkstyle.AuditEventDefaultFormatter:getCheckShortName,1,1,0.0,0.0,0.0,0.0,0.0,0.0,0.0,0.0,0.0,0.0,0.0,0.0,0.0,1.0,0.0,0.0,true
com.puppycrawl.tools.checkstyle.checks.coding.RequireThisCheck:isOverlappingByArgument,2,1,34.0,32.0,17.0,29.0,27.0,14.5,5.0,5.0,2.5,0.0,2.0,0.0,0.0,1.0,0.029411764705882353,0.031746031746031744,true
com.puppycrawl.tools.checkstyle.TestRootModuleChecker:configure,1,1,2.0,2.0,2.0,0.0,0.0,0.0,2.0,2.0,2.0,0.0,0.0,0.0,0.0,1.0,0.5,0.0,true
com.puppycrawl.tools.checkstyle.checks.blocks.RightCurlyCheck:getAcceptableTokens,3,3,36.0,33.0,12.0,34.0,34.0,11.333333333333334,2.0,-1.0,0.6666666666666661,0.0,0.0,0.0,0.0,0.3333333333333333,0.027777777777777776,0.04285714285714286,true
com.puppycrawl.tools.checkstyle.grammars.javadoc.JavadocParseTreeTest:negativeNumberInAttribute,2,1,0.0,0.0,0.0,5.0,5.0,2.5,-5.0,-5.0,-2.5,0.0,0.0,0.0,0.0,1.0,0.0,0.0,true
com.google.checkstyle.test.chapter4formatting.rule4841indentation.IndentationTest:testCorrectClass,1,1,7.0,7.0,7.0,0.0,0.0,0.0,7.0,7.0,7.0,0.0,0.0,0.0,0.0,1.0,0.14285714285714285,0.0,true
com.puppycrawl.tools.checkstyle.checks.imports.IllegalImportCheckTest:testGetRequiredTokens,1,1,0.0,0.0,0.0,0.0,0.0,0.0,0.0,0.0,0.0,0.0,0.0,0.0,0.0,1.0,0.0,0.0,true
com.puppycrawl.tools.checkstyle.checks.naming.CatchParameterNameCheckTest:testDefaultConfigurationOnCorrectFile,1,1,0.0,0.0,0.0,0.0,0.0,0.0,0.0,0.0,0.0,0.0,0.0,0.0,0.0,1.0,0.0,0.0,true
com.puppycrawl.tools.checkstyle.checks.metrics.ClassDataAbstractionCouplingCheckTest:testWrongToken,2,2,10.0,10.0,5.0,1.0,1.0,0.5,9.0,9.0,4.5,0.0,0.0,0.0,0.0,0.5,0.1,0.18181818181818182,true
com.puppycrawl.tools.checkstyle.checks.annotation.MissingOverrideCheckTest:testGetAcceptableTokens,1,1,2.0,2.0,2.0,0.0,0.0,0.0,2.0,2.0,2.0,0.0,0.0,0.0,0.0,1.0,0.5,0.0,true
com.puppycrawl.tools.checkstyle.gui.ListToTreeSelectionModelWrapper:ListToTreeSelectionModelWrapper,4,3,2.0,1.0,0.5,1.0,1.0,0.25,1.0,0.0,0.25,0.0,0.0,0.0,0.0,0.5,1.0,1.6666666666666667,true
com.puppycrawl.tools.checkstyle.checks.coding.fallthrough.InputFallThrough:methodFallThruC2,1,1,9.0,9.0,9.0,0.0,0.0,0.0,9.0,9.0,9.0,0.0,0.0,0.0,0.0,1.0,0.1111111111111111,0.0,true
com.puppycrawl.tools.checkstyle.gui.CodeSelectorPresentationTest:testDetailASTNoSelection,2,2,7.0,7.0,3.5,0.0,0.0,0.0,7.0,7.0,3.5,0.0,0.0,0.0,0.0,0.5,0.14285714285714285,0.0,true
com.puppycrawl.tools.checkstyle.checks.SuppressWarningsHolder:setAliasList,1,1,0.0,0.0,0.0,1.0,1.0,1.0,-1.0,-1.0,-1.0,0.0,0.0,0.0,0.0,1.0,0.0,0.0,true
com.puppycrawl.tools.checkstyle.checks.design.FinalClassCheckTest:getNonCompilablePath,1,1,0.0,0.0,0.0,0.0,0.0,0.0,0.0,0.0,0.0,0.0,0.0,0.0,0.0,1.0,0.0,0.0,true
com.puppycrawl.tools.checkstyle.utils.CheckUtils:getTypeParameterNames,1,1,1.0,1.0,1.0,0.0,0.0,0.0,1.0,1.0,1.0,0.0,0.0,0.0,0.0,1.0,1.0,0.0,true
com.puppycrawl.tools.checkstyle.api.AbstractFileSetCheckTest:testGetMessageDispatcher,1,1,10.0,10.0,10.0,0.0,0.0,0.0,10.0,10.0,10.0,0.0,0.0,0.0,0.0,1.0,0.1,0.0,true
com.puppycrawl.tools.checkstyle.grammars.java8.InputLambda12:main,1,1,0.0,0.0,0.0,0.0,0.0,0.0,0.0,0.0,0.0,0.0,0.0,0.0,0.0,1.0,0.0,0.0,true
com.puppycrawl.tools.checkstyle.checks.modifier.modifierorder.InputModifierOrderIt:someMethod4,1,1,3.0,3.0,3.0,0.0,0.0,0.0,3.0,3.0,3.0,0.0,0.0,0.0,0.0,1.0,0.3333333333333333,0.0,true
com.puppycrawl.tools.checkstyle.checks.modifier.modifierorder.InputModifierOrderIt:someMethod5,1,1,3.0,3.0,3.0,0.0,0.0,0.0,3.0,3.0,3.0,0.0,0.0,0.0,0.0,1.0,0.3333333333333333,0.0,true
com.puppycrawl.tools.checkstyle.checks.modifier.modifierorder.InputModifierOrderIt:someMethod2,1,1,3.0,3.0,3.0,0.0,0.0,0.0,3.0,3.0,3.0,0.0,0.0,0.0,0.0,1.0,0.3333333333333333,0.0,true
com.puppycrawl.tools.checkstyle.checks.modifier.modifierorder.InputModifierOrderIt:someMethod3,1,1,3.0,3.0,3.0,0.0,0.0,0.0,3.0,3.0,3.0,0.0,0.0,0.0,0.0,1.0,0.3333333333333333,0.0,true
com.puppycrawl.tools.checkstyle.filters.SuppressionFilterTest:testRemoteFileExternalResourceContentDoesNotChange,1,1,23.0,23.0,23.0,20.0,20.0,20.0,3.0,3.0,3.0,0.0,1.0,0.0,0.0,1.0,0.043478260869565216,0.046511627906976744,true
com.puppycrawl.tools.checkstyle.utils.CheckUtilsTest:testIsReceiverParameter,1,1,21.0,21.0,21.0,0.0,0.0,0.0,21.0,21.0,21.0,0.0,0.0,0.0,0.0,1.0,0.047619047619047616,0.0,true
com.puppycrawl.tools.checkstyle.checks.header.RegexpHeaderCheckTest:testEmptyMultiline,1,1,9.0,9.0,9.0,0.0,0.0,0.0,9.0,9.0,9.0,0.0,0.0,0.0,0.0,1.0,0.1111111111111111,0.0,true
com.puppycrawl.tools.checkstyle.checks.whitespace.ParenPadCheck:makeAcceptableTokens,3,3,3.0,2.0,1.0,0.0,0.0,0.0,3.0,2.0,1.0,0.0,0.0,0.0,0.0,0.3333333333333333,0.3333333333333333,0.0,true
com.puppycrawl.tools.checkstyle.checks.indentation.indentation.InputIndentationValidTryIndent:InputIndentationValidTryIndent,1,1,3.0,3.0,3.0,0.0,0.0,0.0,3.0,3.0,3.0,0.0,0.0,0.0,0.0,1.0,0.3333333333333333,0.0,true
com.puppycrawl.tools.checkstyle.MainTest:testVersionPrint,1,1,26.0,26.0,26.0,90.0,90.0,90.0,-64.0,-64.0,-64.0,0.0,0.0,0.0,0.0,1.0,0.038461538461538464,0.017241379310344827,true
com.puppycrawl.tools.checkstyle.checks.annotation.MissingOverrideCheckTest:testBadOverrideFromOtherJ5Compatible,1,1,2.0,2.0,2.0,0.0,0.0,0.0,2.0,2.0,2.0,0.0,0.0,0.0,0.0,1.0,0.5,0.0,true
com.puppycrawl.tools.checkstyle.checks.metrics.ClassFanOutComplexityCheck:getRequiredTokens,1,1,0.0,0.0,0.0,0.0,0.0,0.0,0.0,0.0,0.0,0.0,0.0,0.0,0.0,1.0,0.0,0.0,true
com.puppycrawl.tools.checkstyle.checks.metrics.ClassFanOutComplexityCheckTest:testExcludedPackagesCommonPackages,1,1,7.0,7.0,7.0,0.0,0.0,0.0,7.0,7.0,7.0,0.0,0.0,0.0,0.0,1.0,0.14285714285714285,0.0,true
com.puppycrawl.tools.checkstyle.checks.annotation.SuppressWarningsCheckTest:getPath,1,1,0.0,0.0,0.0,0.0,0.0,0.0,0.0,0.0,0.0,0.0,0.0,0.0,0.0,1.0,0.0,0.0,true
com.puppycrawl.tools.checkstyle.checks.imports.ImportControlRegExpTest:testUnknownPkg,1,1,1.0,1.0,1.0,0.0,0.0,0.0,1.0,1.0,1.0,0.0,0.0,0.0,0.0,1.0,1.0,0.0,true
com.puppycrawl.tools.checkstyle.checks.sizes.OuterTypeNumberCheckTest:testGetRequiredTokens,1,1,0.0,0.0,0.0,0.0,0.0,0.0,0.0,0.0,0.0,0.0,0.0,0.0,0.0,1.0,0.0,0.0,true
com.puppycrawl.tools.checkstyle.internal.CheckUtil:isRootModule,1,1,10.0,10.0,10.0,3.0,3.0,3.0,7.0,7.0,7.0,0.0,0.0,0.0,0.0,1.0,0.1,0.15384615384615385,true
com.puppycrawl.tools.checkstyle.checks.imports.CustomImportOrderCheckTest:testPossibleIndexOutOfBoundsException,1,1,1.0,1.0,1.0,0.0,0.0,0.0,1.0,1.0,1.0,0.0,0.0,0.0,0.0,1.0,1.0,0.0,true
com.puppycrawl.tools.checkstyle.api.AbstractCheckTest:getAcceptableTokens,1,1,13.0,13.0,13.0,0.0,0.0,0.0,13.0,13.0,13.0,0.0,0.0,0.0,0.0,1.0,0.07692307692307693,0.0,true
com.puppycrawl.tools.checkstyle.checks.indentation.CommentsIndentationCheck:handleCommentInEmptyCaseBlock,1,1,0.0,0.0,0.0,0.0,0.0,0.0,0.0,0.0,0.0,0.0,0.0,0.0,0.0,1.0,0.0,0.0,true
com.puppycrawl.tools.checkstyle.checks.imports.ImportControlCheckTest:testTwoRegExp,1,1,5.0,5.0,5.0,0.0,0.0,0.0,5.0,5.0,5.0,0.0,0.0,0.0,0.0,1.0,0.2,0.0,true
com.puppycrawl.tools.checkstyle.checks.javadoc.SummaryJavadocCheck:getFirstSentence,2,2,21.0,18.0,10.5,16.0,16.0,8.0,5.0,2.0,2.5,0.0,1.0,-1.0,-1.0,0.5,0.047619047619047616,0.05405405405405406,true
com.puppycrawl.tools.checkstyle.gui.ParseTreeTablePresentationTest:testJavadocCommentChildCount,2,2,23.0,13.0,11.5,0.0,0.0,0.0,23.0,13.0,11.5,0.0,0.0,0.0,0.0,0.5,0.043478260869565216,0.0,true
com.puppycrawl.tools.checkstyle.checks.metrics.NPathComplexityCheckTest:mockAST,1,1,3.0,3.0,3.0,0.0,0.0,0.0,3.0,3.0,3.0,0.0,0.0,0.0,0.0,1.0,0.3333333333333333,0.0,true
com.puppycrawl.tools.checkstyle.checks.imports.CustomImportOrderCheckTest:testNoPackage,1,1,9.0,9.0,9.0,0.0,0.0,0.0,9.0,9.0,9.0,0.0,0.0,0.0,0.0,1.0,0.1111111111111111,0.0,true
com.puppycrawl.tools.checkstyle.TreeWalker:getListOfChecks,1,1,0.0,0.0,0.0,0.0,0.0,0.0,0.0,0.0,0.0,0.0,0.0,0.0,0.0,1.0,0.0,0.0,true
com.puppycrawl.tools.checkstyle.checks.indentation.indentation.InputIndentationInvalidBlockIndent:InputIndentationInvalidBlockIndent,1,1,3.0,3.0,3.0,0.0,0.0,0.0,3.0,3.0,3.0,0.0,0.0,0.0,0.0,1.0,0.3333333333333333,0.0,true
com.puppycrawl.tools.checkstyle.checks.coding.RequireThisCheckTest:testWithAnonymousClass,2,2,0.0,0.0,0.0,0.0,0.0,0.0,0.0,0.0,0.0,0.0,0.0,0.0,0.0,0.5,0.0,0.0,true
com.puppycrawl.tools.checkstyle.checks.annotation.AnnotationUseStyleCheckTest:testCommaAlwaysViolations,1,1,6.0,6.0,6.0,0.0,0.0,0.0,6.0,6.0,6.0,0.0,0.0,0.0,0.0,1.0,0.16666666666666666,0.0,true
com.puppycrawl.tools.checkstyle.utils.CheckUtilsTest:testIsElseIf,1,1,21.0,21.0,21.0,0.0,0.0,0.0,21.0,21.0,21.0,0.0,0.0,0.0,0.0,1.0,0.047619047619047616,0.0,true
com.puppycrawl.tools.checkstyle.PackageObjectFactory:createObjectFromMap,4,3,82.0,33.0,20.5,4.0,4.0,1.0,78.0,29.0,19.5,0.0,1.0,0.0,0.0,0.5,0.024390243902439025,0.05813953488372093,true
com.puppycrawl.tools.checkstyle.gui.ParseTreeTablePresentation:getChild,1,1,77.0,77.0,77.0,4.0,4.0,4.0,73.0,73.0,73.0,0.0,1.0,-1.0,-1.0,1.0,0.012987012987012988,0.024691358024691357,true
com.puppycrawl.tools.checkstyle.checks.whitespace.whitespaceafter.InputWhitespaceAfterLiteralIf:testDo,1,1,8.0,8.0,8.0,0.0,0.0,0.0,8.0,8.0,8.0,0.0,0.0,0.0,0.0,1.0,0.125,0.0,true
com.puppycrawl.tools.checkstyle.checks.TranslationCheck:checkTranslationKeys,1,1,1.0,1.0,1.0,0.0,0.0,0.0,1.0,1.0,1.0,0.0,0.0,0.0,0.0,1.0,1.0,0.0,true
com.puppycrawl.tools.checkstyle.PropertyCacheFileTest:testPathToCacheContainsOnlyFileName,1,1,10.0,10.0,10.0,0.0,0.0,0.0,10.0,10.0,10.0,0.0,0.0,0.0,0.0,1.0,0.1,0.0,true
com.puppycrawl.tools.checkstyle.MainTest:testExistingTargetFilePlainOutputNonexistingProperties,1,1,26.0,26.0,26.0,90.0,90.0,90.0,-64.0,-64.0,-64.0,0.0,0.0,0.0,0.0,1.0,0.038461538461538464,0.017241379310344827,true
com.puppycrawl.tools.checkstyle.checks.annotation.MissingOverrideCheckTest:testBadAnnotationOverrideJ5Compatible,1,1,2.0,2.0,2.0,0.0,0.0,0.0,2.0,2.0,2.0,0.0,0.0,0.0,0.0,1.0,0.5,0.0,true
com.puppycrawl.tools.checkstyle.checks.indentation.indentation.InputIndentationInvalidLabelWithWhileLoopIndent:InputIndentationInvalidLabelWithWhileLoopIndent,1,1,5.0,5.0,5.0,0.0,0.0,0.0,5.0,5.0,5.0,0.0,0.0,0.0,0.0,1.0,0.2,0.0,true
com.puppycrawl.tools.checkstyle.api.AutomaticBean:setupChild,1,1,0.0,0.0,0.0,0.0,0.0,0.0,0.0,0.0,0.0,0.0,0.0,0.0,0.0,1.0,0.0,0.0,true
com.puppycrawl.tools.checkstyle.internal.XdocsPagesTest:getModulePropertyExpectedValue,6,2,206.0,47.0,34.333333333333336,1.0,1.0,0.16666666666666666,205.0,46.0,34.16666666666667,0.0,8.0,-6.0,-6.0,0.8333333333333334,0.0048543689320388345,0.028985507246376812,true
com.puppycrawl.tools.checkstyle.PackageObjectFactory:fillModulesFromFiltersPackage,1,1,5.0,5.0,5.0,0.0,0.0,0.0,5.0,5.0,5.0,0.0,0.0,0.0,0.0,1.0,0.2,0.0,true
com.puppycrawl.tools.checkstyle.DefaultLogger:addException,1,1,1.0,1.0,1.0,0.0,0.0,0.0,1.0,1.0,1.0,0.0,0.0,0.0,0.0,1.0,1.0,0.0,true
com.puppycrawl.tools.checkstyle.checks.imports.ImportOrderCheck:compareContainerOrder,1,1,5.0,5.0,5.0,0.0,0.0,0.0,5.0,5.0,5.0,0.0,0.0,0.0,0.0,1.0,0.2,0.0,true
com.puppycrawl.tools.checkstyle.checks.javadoc.SummaryJavadocCheck:setForbiddenSummaryFragments,1,1,2.0,2.0,2.0,0.0,0.0,0.0,2.0,2.0,2.0,0.0,0.0,0.0,0.0,1.0,0.5,0.0,true
com.puppycrawl.tools.checkstyle.api.AbstractFileSetCheckTest:testGetFileExtention,1,1,10.0,10.0,10.0,0.0,0.0,0.0,10.0,10.0,10.0,0.0,0.0,0.0,0.0,1.0,0.1,0.0,true
com.puppycrawl.tools.checkstyle.Main:getExclusions,1,1,81.0,81.0,81.0,3.0,3.0,3.0,78.0,78.0,78.0,0.0,1.0,0.0,0.0,1.0,0.012345679012345678,0.023809523809523808,true
com.puppycrawl.tools.checkstyle.checks.imports.ImportControlCheckTest:testBlacklist,2,2,11.0,6.0,5.5,0.0,0.0,0.0,11.0,6.0,5.5,0.0,0.0,0.0,0.0,0.5,0.09090909090909091,0.0,true
com.google.checkstyle.test.chapter5naming.rule522typenames.TypeNameTest:testTypeName,1,1,9.0,9.0,9.0,0.0,0.0,0.0,9.0,9.0,9.0,0.0,0.0,0.0,0.0,1.0,0.1111111111111111,0.0,true
com.puppycrawl.tools.checkstyle.utils.JavadocUtils:getPreviousSibling,2,2,11.0,9.0,5.5,10.0,8.0,5.0,1.0,1.0,0.5,0.0,1.0,0.0,0.0,0.5,0.09090909090909091,0.09523809523809523,true
com.puppycrawl.tools.checkstyle.checks.coding.RequireThisCheckTest:testValidateOnlyOverlappingFalse,3,3,9.0,6.0,3.0,0.0,0.0,0.0,9.0,6.0,3.0,0.0,0.0,0.0,0.0,0.3333333333333333,0.1111111111111111,0.0,true
com.google.checkstyle.test.chapter4formatting.rule451wheretobreak.InputSeparatorWrapComma:foo,1,1,7.0,7.0,7.0,0.0,0.0,0.0,7.0,7.0,7.0,0.0,0.0,0.0,0.0,1.0,0.14285714285714285,0.0,true
com.puppycrawl.tools.checkstyle.checks.imports.UnusedImportsCheckTest:testWithoutProcessJavadoc,1,1,0.0,0.0,0.0,0.0,0.0,0.0,0.0,0.0,0.0,0.0,0.0,0.0,0.0,1.0,0.0,0.0,true
com.puppycrawl.tools.checkstyle.checks.imports.PkgImportRule:PkgImportRule,1,1,17.0,17.0,17.0,0.0,0.0,0.0,17.0,17.0,17.0,0.0,3.0,-1.0,-1.0,1.0,0.058823529411764705,0.0,true
com.puppycrawl.tools.checkstyle.checks.design.DesignForExtensionCheck:hasIgnoredAnnotation,2,1,8.0,5.0,4.0,5.0,5.0,2.5,3.0,0.0,1.5,0.0,2.0,0.0,0.0,1.0,0.125,0.15384615384615385,true
com.puppycrawl.tools.checkstyle.api.FileContents:reportCppComment,1,1,4.0,4.0,4.0,0.0,0.0,0.0,4.0,4.0,4.0,0.0,0.0,0.0,0.0,1.0,0.25,0.0,true
com.puppycrawl.tools.checkstyle.checks.SuppressWarningsHolder:getIdentifier,1,1,12.0,12.0,12.0,6.0,6.0,6.0,6.0,6.0,6.0,0.0,0.0,0.0,0.0,1.0,0.08333333333333333,0.1111111111111111,true
com.puppycrawl.tools.checkstyle.checks.metrics.NPathComplexityCheck:leaveBranch,1,1,66.0,66.0,66.0,8.0,8.0,8.0,58.0,58.0,58.0,0.0,0.0,0.0,0.0,1.0,0.015151515151515152,0.02702702702702703,true
com.puppycrawl.tools.checkstyle.utils.CommonUtilsTest:testIsBlankNullString,1,1,3.0,3.0,3.0,0.0,0.0,0.0,3.0,3.0,3.0,0.0,0.0,0.0,0.0,1.0,0.3333333333333333,0.0,true
com.puppycrawl.tools.checkstyle.grammars.javadoc.JavadocParseTreeTest:htmlComments,2,1,0.0,0.0,0.0,5.0,5.0,2.5,-5.0,-5.0,-2.5,0.0,0.0,0.0,0.0,1.0,0.0,0.0,true
com.puppycrawl.tools.checkstyle.checks.whitespace.EmptyLineSeparatorCheck:isPrecededByJavadoc,2,2,9.0,9.0,4.5,0.0,0.0,0.0,9.0,9.0,4.5,0.0,1.0,0.0,0.0,0.5,0.1111111111111111,0.0,true
com.puppycrawl.tools.checkstyle.checks.annotation.SuppressWarningsCheck:getSuppressWarnings,1,1,3.0,3.0,3.0,4.0,4.0,4.0,-1.0,-1.0,-1.0,0.0,0.0,1.0,1.0,1.0,0.3333333333333333,0.2857142857142857,true
com.puppycrawl.tools.checkstyle.checks.indentation.InputFinalInDefaultMethods:function1,1,1,0.0,0.0,0.0,0.0,0.0,0.0,0.0,0.0,0.0,0.0,0.0,0.0,0.0,1.0,0.0,0.0,true
com.puppycrawl.tools.checkstyle.checks.annotation.AnnotationLocationCheckTest:testGetRequiredTokens,1,1,0.0,0.0,0.0,0.0,0.0,0.0,0.0,0.0,0.0,0.0,0.0,0.0,0.0,1.0,0.0,0.0,true
com.google.checkstyle.test.base.BaseCheckTestSupport:verify,3,2,2.0,2.0,0.6666666666666666,0.0,0.0,0.0,2.0,2.0,0.6666666666666666,0.0,0.0,0.0,0.0,0.6666666666666666,1.0,0.0,true
com.puppycrawl.tools.checkstyle.checks.coding.finallocalvariable.InputFinalLocalVariableBreak:foo2,1,1,14.0,14.0,14.0,0.0,0.0,0.0,14.0,14.0,14.0,0.0,2.0,-1.0,-1.0,1.0,0.07142857142857142,0.0,true
com.puppycrawl.tools.checkstyle.CheckerTest:testRemoveBeforeExecutionFileFilter,2,2,12.0,6.0,6.0,0.0,0.0,0.0,12.0,6.0,6.0,0.0,0.0,0.0,0.0,0.5,0.16666666666666666,0.0,true
com.puppycrawl.tools.checkstyle.utils.CommonUtilsTest:testIsBlankWhitespaceInside,1,1,3.0,3.0,3.0,0.0,0.0,0.0,3.0,3.0,3.0,0.0,0.0,0.0,0.0,1.0,0.3333333333333333,0.0,true
com.puppycrawl.tools.checkstyle.checks.modifier.redundantmodifier.InputRedundantModifierIt:someMethod,1,1,3.0,3.0,3.0,0.0,0.0,0.0,3.0,3.0,3.0,0.0,0.0,0.0,0.0,1.0,0.3333333333333333,0.0,true
com.puppycrawl.tools.checkstyle.MainTest:testNonExistingConfigFile,1,1,26.0,26.0,26.0,90.0,90.0,90.0,-64.0,-64.0,-64.0,0.0,0.0,0.0,0.0,1.0,0.038461538461538464,0.017241379310344827,true
com.puppycrawl.tools.checkstyle.checks.coding.finallocalvariable.InputFinalLocalVariableBreak:foo1,1,1,14.0,14.0,14.0,0.0,0.0,0.0,14.0,14.0,14.0,0.0,2.0,-1.0,-1.0,1.0,0.07142857142857142,0.0,true
com.google.checkstyle.test.chapter7javadoc.rule711generalform.SingleLineJavadocTest:testSingleLineJavadoc,2,2,9.0,8.0,4.5,0.0,0.0,0.0,9.0,8.0,4.5,0.0,0.0,0.0,0.0,0.5,0.1111111111111111,0.0,true
com.puppycrawl.tools.checkstyle.api.AbstractCheckTest:testGetTabWidth,2,2,24.0,13.0,12.0,0.0,0.0,0.0,24.0,13.0,12.0,0.0,0.0,0.0,0.0,0.5,0.041666666666666664,0.0,true
com.puppycrawl.tools.checkstyle.checks.imports.ImportOrderCheck:setUseContainerOrderingForStatic,1,1,5.0,5.0,5.0,0.0,0.0,0.0,5.0,5.0,5.0,0.0,0.0,0.0,0.0,1.0,0.2,0.0,true
com.puppycrawl.tools.checkstyle.filters.SuppressWithNearbyCommentFilter:accept,1,1,10.0,10.0,10.0,13.0,13.0,13.0,-3.0,-3.0,-3.0,0.0,1.0,0.0,0.0,1.0,0.1,0.08695652173913043,true
com.puppycrawl.tools.checkstyle.api.AbstractCheckTest:testGetLine,2,2,24.0,13.0,12.0,0.0,0.0,0.0,24.0,13.0,12.0,0.0,0.0,0.0,0.0,0.5,0.041666666666666664,0.0,true
com.google.checkstyle.test.chapter6programpractice.rule64finalizers.NoFinalizerTest:testNoFinalizerExtended,1,1,8.0,8.0,8.0,0.0,0.0,0.0,8.0,8.0,8.0,0.0,0.0,0.0,0.0,1.0,0.125,0.0,true
com.puppycrawl.tools.checkstyle.checks.imports.ClassImportRule:ClassImportRule,1,1,11.0,11.0,11.0,0.0,0.0,0.0,11.0,11.0,11.0,0.0,1.0,-1.0,-1.0,1.0,0.09090909090909091,0.0,true
com.puppycrawl.tools.checkstyle.Checker:process,2,2,2.0,2.0,1.0,20.0,20.0,10.0,-18.0,-18.0,-9.0,0.0,0.0,0.0,0.0,0.5,0.5,0.09090909090909091,true
com.puppycrawl.tools.checkstyle.checks.blocks.leftcurly.InputLeftCurlyDefault3:method2,1,1,42.0,42.0,42.0,0.0,0.0,0.0,42.0,42.0,42.0,0.0,3.0,-3.0,-3.0,1.0,0.023809523809523808,0.0,true
com.puppycrawl.tools.checkstyle.checks.coding.RequireThisCheckTest:testIt,2,2,6.0,6.0,3.0,0.0,0.0,0.0,6.0,6.0,3.0,0.0,0.0,0.0,0.0,0.5,0.16666666666666666,0.0,true
com.puppycrawl.tools.checkstyle.checks.naming.ParameterNameCheck:mustCheckName,1,1,4.0,4.0,4.0,0.0,0.0,0.0,4.0,4.0,4.0,0.0,0.0,0.0,0.0,1.0,0.25,0.0,true
com.puppycrawl.tools.checkstyle.checks.imports.UnusedImportsCheck:finishTree,2,2,1.0,1.0,0.5,6.0,6.0,3.0,-5.0,-5.0,-2.5,0.0,1.0,0.0,0.0,0.5,1.0,0.2857142857142857,true
com.puppycrawl.tools.checkstyle.checks.sizes.InputLineLengthCheckTest:testGetRequiredTokens,1,1,0.0,0.0,0.0,0.0,0.0,0.0,0.0,0.0,0.0,0.0,0.0,0.0,0.0,1.0,0.0,0.0,true
com.puppycrawl.tools.checkstyle.MainTest:testExistingIncorrectConfigFile,2,2,29.0,26.0,14.5,90.0,90.0,45.0,-61.0,-64.0,-30.5,0.0,0.0,0.0,0.0,0.5,0.034482758620689655,0.01680672268907563,true
com.puppycrawl.tools.checkstyle.internal.CheckUtil:getTokenNameSet,2,2,14.0,7.0,7.0,0.0,0.0,0.0,14.0,7.0,7.0,0.0,0.0,0.0,0.0,0.5,0.14285714285714285,0.0,true
com.puppycrawl.tools.checkstyle.internal.XdocsPagesTest:testAllXmlExamples,2,2,6.0,6.0,3.0,6.0,6.0,3.0,0.0,0.0,0.0,0.0,0.0,0.0,0.0,0.5,0.16666666666666666,0.16666666666666666,true
com.puppycrawl.tools.checkstyle.gui.MainFrame:createButtonsPanel,1,1,20.0,20.0,20.0,0.0,0.0,0.0,20.0,20.0,20.0,0.0,0.0,0.0,0.0,1.0,0.05,0.0,true
com.puppycrawl.tools.checkstyle.checks.design.designforextension.InputDesignForExtensionIgnoredAnnotations:toString,1,1,3.0,3.0,3.0,0.0,0.0,0.0,3.0,3.0,3.0,0.0,0.0,0.0,0.0,1.0,0.3333333333333333,0.0,true
com.google.checkstyle.test.chapter7javadoc.rule731selfexplanatory.JavadocMethodTest:testJavadocMethod,1,1,8.0,8.0,8.0,0.0,0.0,0.0,8.0,8.0,8.0,0.0,0.0,0.0,0.0,1.0,0.125,0.0,true
com.puppycrawl.tools.checkstyle.checks.coding.MultipleStringLiteralsCheck:setIgnoreStringsRegexp,1,1,1.0,1.0,1.0,0.0,0.0,0.0,1.0,1.0,1.0,0.0,0.0,0.0,0.0,1.0,1.0,0.0,true
com.puppycrawl.tools.checkstyle.gui.MainFrameModelTest:testOpenFileWithUnknownParseMode,1,1,3.0,3.0,3.0,0.0,0.0,0.0,3.0,3.0,3.0,0.0,0.0,0.0,0.0,1.0,0.3333333333333333,0.0,true
com.puppycrawl.tools.checkstyle.utils.JavadocUtils:getTokenName,1,1,9.0,9.0,9.0,8.0,8.0,8.0,1.0,1.0,1.0,0.0,1.0,0.0,0.0,1.0,0.1111111111111111,0.11764705882352941,true
com.puppycrawl.tools.checkstyle.checks.sizes.MethodCountCheckTest:testGetRequiredTokens,1,1,0.0,0.0,0.0,0.0,0.0,0.0,0.0,0.0,0.0,0.0,0.0,0.0,0.0,1.0,0.0,0.0,true
com.puppycrawl.tools.checkstyle.api.AbstractViolationReporterTest:testCustomMessageWithParametersNegative,2,2,12.0,11.0,6.0,1.0,1.0,0.5,11.0,10.0,5.5,0.0,0.0,0.0,0.0,0.5,0.08333333333333333,0.15384615384615385,true
com.puppycrawl.tools.checkstyle.grammars.javadoc.ParseTreeBuilder:treeLinkToPackage,1,1,22.0,22.0,22.0,0.0,0.0,0.0,22.0,22.0,22.0,0.0,0.0,0.0,0.0,1.0,0.045454545454545456,0.0,true
com.puppycrawl.tools.checkstyle.checks.imports.CustomImportOrderCheckTest:testUnsupportedRule,3,3,45.0,44.0,15.0,8.0,8.0,2.6666666666666665,37.0,36.0,12.333333333333334,0.0,0.0,0.0,0.0,0.3333333333333333,0.022222222222222223,0.05660377358490566,true
com.puppycrawl.tools.checkstyle.packageobjectfactory.bar.FooCheck:getAcceptableTokens,1,1,3.0,3.0,3.0,0.0,0.0,0.0,3.0,3.0,3.0,0.0,0.0,0.0,0.0,1.0,0.3333333333333333,0.0,true
com.puppycrawl.tools.checkstyle.utils.ScopeUtilsTest:testIsOuterMostTypeClass,1,1,12.0,12.0,12.0,0.0,0.0,0.0,12.0,12.0,12.0,0.0,0.0,0.0,0.0,1.0,0.08333333333333333,0.0,true
com.puppycrawl.tools.checkstyle.TestRootModuleChecker:setModuleClassLoader,1,1,2.0,2.0,2.0,0.0,0.0,0.0,2.0,2.0,2.0,0.0,0.0,0.0,0.0,1.0,0.5,0.0,true
com.google.checkstyle.test.chapter4formatting.rule412nonemptyblocks.InputRightCurlyOtherAlone:method2,1,1,39.0,39.0,39.0,0.0,0.0,0.0,39.0,39.0,39.0,0.0,3.0,-3.0,-3.0,1.0,0.02564102564102564,0.0,true
com.puppycrawl.tools.checkstyle.grammars.javadoc.JavadocParseTreeTest:getFileContent,1,1,1.0,1.0,1.0,0.0,0.0,0.0,1.0,1.0,1.0,0.0,0.0,0.0,0.0,1.0,1.0,0.0,true
com.google.checkstyle.test.base.BaseCheckTestSupport:getPath,1,1,0.0,0.0,0.0,0.0,0.0,0.0,0.0,0.0,0.0,0.0,0.0,0.0,0.0,1.0,0.0,0.0,true
com.puppycrawl.tools.checkstyle.PackageObjectFactoryTest:testCreateObjectWithIgnoringProblems,1,1,8.0,8.0,8.0,0.0,0.0,0.0,8.0,8.0,8.0,0.0,0.0,0.0,0.0,1.0,0.125,0.0,true
com.puppycrawl.tools.checkstyle.checks.annotation.AnnotationUseStyleCheckTest:testGetOption,2,2,2.0,1.0,1.0,0.0,0.0,0.0,2.0,1.0,1.0,0.0,0.0,0.0,0.0,0.5,1.0,0.0,true
com.puppycrawl.tools.checkstyle.checks.whitespace.whitespacearound.InputWhitespaceAroundDoubleBraceInitialization:InputWhitespaceAroundDoubleBraceInitialization,1,1,33.0,33.0,33.0,0.0,0.0,0.0,33.0,33.0,33.0,0.0,0.0,0.0,0.0,1.0,0.030303030303030304,0.0,true
com.puppycrawl.tools.checkstyle.PackageObjectFactory:createObjectWithIgnoringProblems,1,1,33.0,33.0,33.0,4.0,4.0,4.0,29.0,29.0,29.0,0.0,1.0,0.0,0.0,1.0,0.030303030303030304,0.05405405405405406,true
com.puppycrawl.tools.checkstyle.PackageObjectFactory:fillChecksFromWhitespacePackage,1,1,5.0,5.0,5.0,0.0,0.0,0.0,5.0,5.0,5.0,0.0,0.0,0.0,0.0,1.0,0.2,0.0,true
com.puppycrawl.tools.checkstyle.internal.AllChecksTest:testAllCheckstyleModulesInCheckstyleConfig,2,1,12.0,11.0,6.0,4.0,4.0,2.0,8.0,7.0,4.0,0.0,1.0,-1.0,-1.0,1.0,0.08333333333333333,0.125,true
com.puppycrawl.tools.checkstyle.checks.TranslationCheckTest:testWrongUserSpecifiedLanguageCodes,2,2,0.0,0.0,0.0,0.0,0.0,0.0,0.0,0.0,0.0,0.0,0.0,0.0,0.0,0.5,0.0,0.0,true
com.puppycrawl.tools.checkstyle.utils.ScopeUtils:isInCodeBlock,1,1,0.0,0.0,0.0,0.0,0.0,0.0,0.0,0.0,0.0,0.0,0.0,0.0,0.0,1.0,0.0,0.0,true
com.puppycrawl.tools.checkstyle.checks.javadoc.JavadocTag:getFirstArg,1,1,0.0,0.0,0.0,0.0,0.0,0.0,0.0,0.0,0.0,0.0,0.0,0.0,0.0,1.0,0.0,0.0,true
com.puppycrawl.tools.checkstyle.checks.imports.ImportControlCheckTest:testMissing,1,1,0.0,0.0,0.0,0.0,0.0,0.0,0.0,0.0,0.0,0.0,0.0,0.0,0.0,1.0,0.0,0.0,true
com.puppycrawl.tools.checkstyle.grammars.java8.InputLambda10:main,1,1,0.0,0.0,0.0,0.0,0.0,0.0,0.0,0.0,0.0,0.0,0.0,0.0,0.0,1.0,0.0,0.0,true
com.puppycrawl.tools.checkstyle.checks.imports.ImportControlCheckTest:testEmpty,1,1,0.0,0.0,0.0,0.0,0.0,0.0,0.0,0.0,0.0,0.0,0.0,0.0,0.0,1.0,0.0,0.0,true
com.puppycrawl.tools.checkstyle.checks.design.designforextension.InputDesignForExtensionMultipleAnnotations:foo10,1,1,3.0,3.0,3.0,0.0,0.0,0.0,3.0,3.0,3.0,0.0,0.0,0.0,0.0,1.0,0.3333333333333333,0.0,true
com.puppycrawl.tools.checkstyle.checks.design.designforextension.InputDesignForExtensionMultipleAnnotations:foo11,1,1,3.0,3.0,3.0,0.0,0.0,0.0,3.0,3.0,3.0,0.0,0.0,0.0,0.0,1.0,0.3333333333333333,0.0,true
com.puppycrawl.tools.checkstyle.checks.design.FinalClassCheckTest:testImproperToken,1,1,0.0,0.0,0.0,0.0,0.0,0.0,0.0,0.0,0.0,0.0,0.0,0.0,0.0,1.0,0.0,0.0,false
com.puppycrawl.tools.checkstyle.gui.ParseTreeTablePresentation:getValueAtDetailAST,1,1,77.0,77.0,77.0,4.0,4.0,4.0,73.0,73.0,73.0,0.0,1.0,-1.0,-1.0,1.0,0.012987012987012988,0.024691358024691357,true
com.puppycrawl.tools.checkstyle.checks.indentation.MethodDefHandler:getHandlerName,1,1,6.0,6.0,6.0,0.0,0.0,0.0,6.0,6.0,6.0,0.0,1.0,-1.0,-1.0,1.0,0.16666666666666666,0.0,true
com.puppycrawl.tools.checkstyle.grammars.AstRegressionTest:testUnusedConstructors1,1,1,1.0,1.0,1.0,0.0,0.0,0.0,1.0,1.0,1.0,0.0,0.0,0.0,0.0,1.0,1.0,0.0,true
com.puppycrawl.tools.checkstyle.checks.metrics.NPathComplexityCheck:getRequiredTokens,1,1,2.0,2.0,2.0,0.0,0.0,0.0,2.0,2.0,2.0,0.0,0.0,0.0,0.0,1.0,0.5,0.0,true
com.puppycrawl.tools.checkstyle.api.FileContents:reportSingleLineComment,1,1,4.0,4.0,4.0,0.0,0.0,0.0,4.0,4.0,4.0,0.0,0.0,0.0,0.0,1.0,0.25,0.0,true
com.puppycrawl.tools.checkstyle.checks.coding.finallocalvariable.InputFinalLocalVariableAssignedMultipleTimes:foo12,1,1,4.0,4.0,4.0,0.0,0.0,0.0,4.0,4.0,4.0,0.0,0.0,0.0,0.0,1.0,0.25,0.0,true
com.puppycrawl.tools.checkstyle.checks.imports.ImportControlCheckTest:testStrategyOnMismatchThree,2,2,11.0,6.0,5.5,0.0,0.0,0.0,11.0,6.0,5.5,0.0,0.0,0.0,0.0,0.5,0.09090909090909091,0.0,true
com.puppycrawl.tools.checkstyle.grammars.AstRegressionTest:testUnusedConstructors2,1,1,1.0,1.0,1.0,0.0,0.0,0.0,1.0,1.0,1.0,0.0,0.0,0.0,0.0,1.0,1.0,0.0,true
com.puppycrawl.tools.checkstyle.checks.coding.finallocalvariable.InputFinalLocalVariableAssignedMultipleTimes:foo13,1,1,2.0,2.0,2.0,0.0,0.0,0.0,2.0,2.0,2.0,0.0,0.0,0.0,0.0,1.0,0.5,0.0,true
com.puppycrawl.tools.checkstyle.grammars.AstRegressionTest:testUnusedConstructors3,1,1,1.0,1.0,1.0,0.0,0.0,0.0,1.0,1.0,1.0,0.0,0.0,0.0,0.0,1.0,1.0,0.0,true
com.puppycrawl.tools.checkstyle.checks.imports.CustomImportOrderCheck:getImportGroup,1,1,0.0,0.0,0.0,0.0,0.0,0.0,0.0,0.0,0.0,0.0,0.0,0.0,0.0,1.0,0.0,0.0,true
com.google.checkstyle.test.chapter7javadoc.rule712paragraphs.JavadocParagraphTest:testJavadocParagraphCorrect,1,1,7.0,7.0,7.0,0.0,0.0,0.0,7.0,7.0,7.0,0.0,0.0,0.0,0.0,1.0,0.14285714285714285,0.0,true
com.puppycrawl.tools.checkstyle.checks.metrics.NPathComplexityCheck:popValue,1,1,66.0,66.0,66.0,8.0,8.0,8.0,58.0,58.0,58.0,0.0,0.0,0.0,0.0,1.0,0.015151515151515152,0.02702702702702703,true
com.puppycrawl.tools.checkstyle.checks.coding.IllegalInstantiationCheck:postProcessLiteralNew,1,1,2.0,2.0,2.0,2.0,2.0,2.0,0.0,0.0,0.0,0.0,0.0,0.0,0.0,1.0,0.5,0.5,true
com.puppycrawl.tools.checkstyle.checks.header.HeaderCheckTest:testIgnoreLinesSorted,1,1,7.0,7.0,7.0,0.0,0.0,0.0,7.0,7.0,7.0,0.0,0.0,0.0,0.0,1.0,0.14285714285714285,0.0,true
com.puppycrawl.tools.checkstyle.api.LineColumnTest:testGetters,1,1,5.0,5.0,5.0,0.0,0.0,0.0,5.0,5.0,5.0,0.0,0.0,0.0,0.0,1.0,0.2,0.0,true
com.puppycrawl.tools.checkstyle.checks.naming.AbbreviationAsWordInNameCheckTest:getPath,1,1,8.0,8.0,8.0,0.0,0.0,0.0,8.0,8.0,8.0,0.0,0.0,0.0,0.0,1.0,0.125,0.0,true
com.puppycrawl.tools.checkstyle.checks.regexp.RegexpMultilineCheckTest:testEmptyFormat,1,1,5.0,5.0,5.0,0.0,0.0,0.0,5.0,5.0,5.0,0.0,0.0,0.0,0.0,1.0,0.2,0.0,true
com.puppycrawl.tools.checkstyle.internal.AllChecksTest:testAllCheckTokensAreReferencedInGoogleConfigFile,1,1,38.0,38.0,38.0,0.0,0.0,0.0,38.0,38.0,38.0,0.0,3.0,0.0,0.0,1.0,0.02631578947368421,0.0,true
com.puppycrawl.tools.checkstyle.checks.blocks.LeftCurlyCheckTest:testIgnoreEnumsOptionFalse,1,1,2.0,2.0,2.0,0.0,0.0,0.0,2.0,2.0,2.0,0.0,0.0,0.0,0.0,1.0,0.5,0.0,true
com.puppycrawl.tools.checkstyle.checks.header.RegexpHeaderCheckTest:testFailureForMultilineRegexp,1,1,0.0,0.0,0.0,0.0,0.0,0.0,0.0,0.0,0.0,0.0,0.0,0.0,0.0,1.0,0.0,0.0,true
com.puppycrawl.tools.checkstyle.checks.modifier.modifierorder.InputModifierOrderIt:method,1,1,3.0,3.0,3.0,0.0,0.0,0.0,3.0,3.0,3.0,0.0,0.0,0.0,0.0,1.0,0.3333333333333333,0.0,true
com.puppycrawl.tools.checkstyle.checks.whitespace.whitespaceafter.InputWhitespaceAfterLiteralWhile:testWhile,1,1,8.0,8.0,8.0,0.0,0.0,0.0,8.0,8.0,8.0,0.0,0.0,0.0,0.0,1.0,0.125,0.0,true
com.puppycrawl.tools.checkstyle.checks.blocks.RightCurlyCheckTest:getPath,1,1,6.0,6.0,6.0,0.0,0.0,0.0,6.0,6.0,6.0,0.0,0.0,0.0,0.0,1.0,0.16666666666666666,0.0,true
com.puppycrawl.tools.checkstyle.checks.blocks.EmptyBlockCheck:findLeftCurly,2,1,15.0,15.0,7.5,0.0,0.0,0.0,15.0,15.0,7.5,0.0,2.0,-2.0,-2.0,1.0,0.06666666666666667,0.0,true
com.puppycrawl.tools.checkstyle.checks.naming.abbrevationaswordinname.InputAbbreviationAsWordInNameReceiver:foo4,1,1,2.0,2.0,2.0,0.0,0.0,0.0,2.0,2.0,2.0,0.0,0.0,0.0,0.0,1.0,0.5,0.0,true
com.puppycrawl.tools.checkstyle.checks.metrics.InputNPathComplexity:testSimpleTernaryBadFormatting,1,1,12.0,12.0,12.0,0.0,0.0,0.0,12.0,12.0,12.0,0.0,0.0,0.0,0.0,1.0,0.08333333333333333,0.0,true
com.puppycrawl.tools.checkstyle.utils.TokenUtilsTest:testFindFirstTokenByPredicate,1,1,6.0,6.0,6.0,0.0,0.0,0.0,6.0,6.0,6.0,0.0,0.0,0.0,0.0,1.0,0.16666666666666666,0.0,true
com.puppycrawl.tools.checkstyle.DefaultLogger:auditFinished,1,1,1.0,1.0,1.0,0.0,0.0,0.0,1.0,1.0,1.0,0.0,0.0,0.0,0.0,1.0,1.0,0.0,true
com.puppycrawl.tools.checkstyle.checks.javadoc.AbstractJavadocCheck:visitToken,1,1,1.0,1.0,1.0,6.0,6.0,6.0,-5.0,-5.0,-5.0,0.0,0.0,0.0,0.0,1.0,1.0,0.2857142857142857,true
com.puppycrawl.tools.checkstyle.checks.header.RegexpHeaderCheckTest:testSetHeaderNull,1,1,3.0,3.0,3.0,0.0,0.0,0.0,3.0,3.0,3.0,0.0,0.0,0.0,0.0,1.0,0.3333333333333333,0.0,true
com.puppycrawl.tools.checkstyle.PackageObjectFactory:fillChecksFromRegexpPackage,1,1,5.0,5.0,5.0,0.0,0.0,0.0,5.0,5.0,5.0,0.0,0.0,0.0,0.0,1.0,0.2,0.0,true
com.puppycrawl.tools.checkstyle.checks.coding.RequireThisCheck:logViolation,1,1,24.0,24.0,24.0,0.0,0.0,0.0,24.0,24.0,24.0,0.0,1.0,0.0,0.0,1.0,0.041666666666666664,0.0,true
com.puppycrawl.tools.checkstyle.checks.javadoc.AbstractJavadocCheckTest:testVisitLeaveToken,1,1,12.0,12.0,12.0,0.0,0.0,0.0,12.0,12.0,12.0,0.0,0.0,0.0,0.0,1.0,0.08333333333333333,0.0,true
com.puppycrawl.tools.checkstyle.checks.imports.ImportOrderCheckTest:testGroupWithSlashes,2,2,21.0,21.0,10.5,3.0,3.0,1.5,18.0,18.0,9.0,0.0,0.0,0.0,0.0,0.5,0.047619047619047616,0.08333333333333333,true
com.puppycrawl.tools.checkstyle.PackageObjectFactoryTest:testNameToFullModuleNameMap,1,1,8.0,8.0,8.0,0.0,0.0,0.0,8.0,8.0,8.0,0.0,0.0,0.0,0.0,1.0,0.125,0.0,true
com.puppycrawl.tools.checkstyle.CheckerTest:testClearCacheWhenCacheFileIsNotSet,2,2,28.0,28.0,14.0,50.0,50.0,25.0,-22.0,-22.0,-11.0,0.0,0.0,0.0,0.0,0.5,0.03571428571428571,0.02564102564102564,true
com.puppycrawl.tools.checkstyle.gui.MainFrameModelTest:testParseModeEnum,1,1,3.0,3.0,3.0,0.0,0.0,0.0,3.0,3.0,3.0,0.0,0.0,0.0,0.0,1.0,0.3333333333333333,0.0,true
com.puppycrawl.tools.checkstyle.checks.metrics.NPathComplexityCheckTest:testCalculation,1,1,3.0,3.0,3.0,0.0,0.0,0.0,3.0,3.0,3.0,0.0,0.0,0.0,0.0,1.0,0.3333333333333333,0.0,true
com.puppycrawl.tools.checkstyle.checks.imports.ImportControlLoaderTest:testInputStreamFailsOnRead,1,1,15.0,15.0,15.0,0.0,0.0,0.0,15.0,15.0,15.0,0.0,0.0,0.0,0.0,1.0,0.06666666666666667,0.0,true
com.puppycrawl.tools.checkstyle.checks.imports.ImportOrderCheckTest:getPath,1,1,0.0,0.0,0.0,0.0,0.0,0.0,0.0,0.0,0.0,0.0,0.0,0.0,0.0,1.0,0.0,0.0,true
com.puppycrawl.tools.checkstyle.DetailNodeTreeStringPrinterTest:testParseFile,2,2,3.0,3.0,1.5,0.0,0.0,0.0,3.0,3.0,1.5,0.0,0.0,0.0,0.0,0.5,0.3333333333333333,0.0,true
com.puppycrawl.tools.checkstyle.checks.coding.HiddenFieldCheck:setIgnoreFormat,1,1,2.0,2.0,2.0,0.0,0.0,0.0,2.0,2.0,2.0,0.0,0.0,0.0,0.0,1.0,0.5,0.0,true
com.puppycrawl.tools.checkstyle.checks.metrics.NPathComplexityCheck:leaveMultiplyingConditional,1,1,66.0,66.0,66.0,8.0,8.0,8.0,58.0,58.0,58.0,0.0,0.0,0.0,0.0,1.0,0.015151515151515152,0.02702702702702703,true
com.puppycrawl.tools.checkstyle.checks.whitespace.separatorwrap.InputSeparatorWrapForTestDot:foo,1,1,12.0,12.0,12.0,0.0,0.0,0.0,12.0,12.0,12.0,0.0,0.0,0.0,0.0,1.0,0.08333333333333333,0.0,true
com.puppycrawl.tools.checkstyle.api.AbstractCheck:getRequiredTokens,1,1,2.0,2.0,2.0,1.0,1.0,1.0,1.0,1.0,1.0,0.0,0.0,0.0,0.0,1.0,0.5,0.6666666666666666,true
com.puppycrawl.tools.checkstyle.checks.imports.AbstractImportRule:calculateResult,1,1,13.0,13.0,13.0,0.0,0.0,0.0,13.0,13.0,13.0,0.0,2.0,-1.0,-1.0,1.0,0.07692307692307693,0.0,true
com.puppycrawl.tools.checkstyle.Checker:processFile,4,3,11.0,6.0,2.75,0.0,0.0,0.0,11.0,6.0,2.75,0.0,0.0,0.0,0.0,0.5,0.09090909090909091,0.0,true
com.puppycrawl.tools.checkstyle.checks.imports.ImportControlTest:setUp,2,1,1.0,1.0,0.5,0.0,0.0,0.0,1.0,1.0,0.5,0.0,0.0,0.0,0.0,1.0,1.0,0.0,true
com.puppycrawl.tools.checkstyle.gui.TreeTable:getTree,1,1,0.0,0.0,0.0,0.0,0.0,0.0,0.0,0.0,0.0,0.0,0.0,0.0,0.0,1.0,0.0,0.0,true
com.puppycrawl.tools.checkstyle.checks.design.DesignForExtensionCheck:setIgnoredAnnotations,1,1,5.0,5.0,5.0,0.0,0.0,0.0,5.0,5.0,5.0,0.0,0.0,0.0,0.0,1.0,0.2,0.0,true
com.puppycrawl.tools.checkstyle.checks.coding.FinalLocalVariableCheck:isCaseTokenWithAnotherCaseFollowing,1,1,4.0,4.0,4.0,0.0,0.0,0.0,4.0,4.0,4.0,0.0,0.0,0.0,0.0,1.0,0.25,0.0,true
com.puppycrawl.tools.checkstyle.checks.indentation.ClassDefHandler:getHandlerName,1,1,51.0,51.0,51.0,4.0,4.0,4.0,47.0,47.0,47.0,0.0,3.0,-1.0,-1.0,1.0,0.0196078431372549,0.03636363636363636,true
com.puppycrawl.tools.checkstyle.checks.header.RegexpHeaderCheckTest:testRegexpHeaderMulti6,1,1,9.0,9.0,9.0,0.0,0.0,0.0,9.0,9.0,9.0,0.0,0.0,0.0,0.0,1.0,0.1111111111111111,0.0,true
com.puppycrawl.tools.checkstyle.checks.header.RegexpHeaderCheckTest:testRegexpHeaderMulti5,1,1,9.0,9.0,9.0,0.0,0.0,0.0,9.0,9.0,9.0,0.0,0.0,0.0,0.0,1.0,0.1111111111111111,0.0,true
com.puppycrawl.tools.checkstyle.checks.coding.FinalLocalVariableCheck:visitToken,3,3,26.0,11.0,8.666666666666666,0.0,0.0,0.0,26.0,11.0,8.666666666666666,0.0,3.0,-1.0,-1.0,0.3333333333333333,0.038461538461538464,0.0,true
com.puppycrawl.tools.checkstyle.checks.SuppressWarningsHolderTest:testGetAllAnnotationValuesWrongArg,1,1,0.0,0.0,0.0,0.0,0.0,0.0,0.0,0.0,0.0,0.0,0.0,0.0,0.0,1.0,0.0,0.0,true
com.puppycrawl.tools.checkstyle.checks.header.RegexpHeaderCheckTest:testRegexpHeaderMulti2,1,1,9.0,9.0,9.0,0.0,0.0,0.0,9.0,9.0,9.0,0.0,0.0,0.0,0.0,1.0,0.1111111111111111,0.0,true
com.puppycrawl.tools.checkstyle.checks.header.RegexpHeaderCheckTest:testRegexpHeaderMulti1,1,1,9.0,9.0,9.0,0.0,0.0,0.0,9.0,9.0,9.0,0.0,0.0,0.0,0.0,1.0,0.1111111111111111,0.0,true
com.puppycrawl.tools.checkstyle.checks.header.RegexpHeaderCheckTest:testRegexpHeaderMulti4,1,1,9.0,9.0,9.0,0.0,0.0,0.0,9.0,9.0,9.0,0.0,0.0,0.0,0.0,1.0,0.1111111111111111,0.0,true
com.puppycrawl.tools.checkstyle.checks.header.RegexpHeaderCheckTest:testRegexpHeaderMulti3,1,1,9.0,9.0,9.0,0.0,0.0,0.0,9.0,9.0,9.0,0.0,0.0,0.0,0.0,1.0,0.1111111111111111,0.0,true
com.puppycrawl.tools.checkstyle.checks.annotation.MissingOverrideCheckTest:getPath,1,1,2.0,2.0,2.0,0.0,0.0,0.0,2.0,2.0,2.0,0.0,0.0,0.0,0.0,1.0,0.5,0.0,true
com.puppycrawl.tools.checkstyle.PackageObjectFactory:fillChecksFromImportsPackage,1,1,5.0,5.0,5.0,0.0,0.0,0.0,5.0,5.0,5.0,0.0,0.0,0.0,0.0,1.0,0.2,0.0,true
com.puppycrawl.tools.checkstyle.checks.TranslationCheckTest:testFileExtensions,1,1,0.0,0.0,0.0,0.0,0.0,0.0,0.0,0.0,0.0,0.0,0.0,0.0,0.0,1.0,0.0,0.0,true
com.puppycrawl.tools.checkstyle.checks.annotation.AnnotationUseStyleCheckTest:testElementStyleValueOf,1,1,1.0,1.0,1.0,0.0,0.0,0.0,1.0,1.0,1.0,0.0,0.0,0.0,0.0,1.0,1.0,0.0,true
com.puppycrawl.tools.checkstyle.checks.coding.finallocalvariable.InputFinalLocalVariableLeavingSlistToken:foo2,1,1,31.0,31.0,31.0,0.0,0.0,0.0,31.0,31.0,31.0,0.0,2.0,-1.0,-1.0,1.0,0.03225806451612903,0.0,true
com.puppycrawl.tools.checkstyle.checks.coding.finallocalvariable.InputFinalLocalVariableLeavingSlistToken:foo1,1,1,31.0,31.0,31.0,0.0,0.0,0.0,31.0,31.0,31.0,0.0,2.0,-1.0,-1.0,1.0,0.03225806451612903,0.0,true
com.puppycrawl.tools.checkstyle.checks.ClassResolverTest:testMisc,1,1,6.0,6.0,6.0,0.0,0.0,0.0,6.0,6.0,6.0,0.0,0.0,0.0,0.0,1.0,0.16666666666666666,0.0,true
com.google.checkstyle.test.chapter4formatting.rule412nonemptyblocks.RightCurlyTest:rightCurlyAloneTestSame,1,1,15.0,15.0,15.0,1.0,1.0,1.0,14.0,14.0,14.0,0.0,0.0,0.0,0.0,1.0,0.06666666666666667,0.125,true
com.puppycrawl.tools.checkstyle.checks.javadoc.SingleLineJavadocCheckTest:testAcceptableTokens,1,1,0.0,0.0,0.0,0.0,0.0,0.0,0.0,0.0,0.0,0.0,0.0,0.0,0.0,1.0,0.0,0.0,true
com.puppycrawl.tools.checkstyle.grammars.javadoc.JavadocParseTreeTest:htmlTagsInParagraph,2,1,0.0,0.0,0.0,5.0,5.0,2.5,-5.0,-5.0,-2.5,0.0,0.0,0.0,0.0,1.0,0.0,0.0,true
com.puppycrawl.tools.checkstyle.checks.javadoc.JavadocMethodCheck:getMethodTags,1,1,1.0,1.0,1.0,0.0,0.0,0.0,1.0,1.0,1.0,0.0,0.0,0.0,0.0,1.0,1.0,0.0,true
com.puppycrawl.tools.checkstyle.utils.JavadocUtilsTest:testGetTokenIdThatIsUnknown,1,1,29.0,29.0,29.0,1.0,1.0,1.0,28.0,28.0,28.0,0.0,0.0,0.0,0.0,1.0,0.034482758620689655,0.06666666666666667,true
com.puppycrawl.tools.checkstyle.internal.CheckUtil:getCheckStyleModulesReferencedInConfig,1,1,10.0,10.0,10.0,3.0,3.0,3.0,7.0,7.0,7.0,0.0,0.0,0.0,0.0,1.0,0.1,0.15384615384615385,true
com.puppycrawl.tools.checkstyle.checks.indentation.IndentationCheckTest:testValidBlockWithChecker,1,1,1.0,1.0,1.0,0.0,0.0,0.0,1.0,1.0,1.0,0.0,0.0,0.0,0.0,1.0,1.0,0.0,true
com.puppycrawl.tools.checkstyle.PackageObjectFactory:test,1,1,6.0,6.0,6.0,0.0,0.0,0.0,6.0,6.0,6.0,0.0,0.0,0.0,0.0,1.0,0.16666666666666666,0.0,true
com.puppycrawl.tools.checkstyle.checks.AvoidEscapedUnicodeCharactersCheckTest:testAllowEscapesForControlCharacterSet,1,1,0.0,0.0,0.0,0.0,0.0,0.0,0.0,0.0,0.0,0.0,0.0,0.0,0.0,1.0,0.0,0.0,true
com.puppycrawl.tools.checkstyle.checks.design.VisibilityModifierCheck:isFinalField,1,1,1.0,1.0,1.0,0.0,0.0,0.0,1.0,1.0,1.0,0.0,0.0,0.0,0.0,1.0,1.0,0.0,false
com.puppycrawl.tools.checkstyle.internal.CheckUtil:getConfigSunStyleModules,1,1,10.0,10.0,10.0,3.0,3.0,3.0,7.0,7.0,7.0,0.0,0.0,0.0,0.0,1.0,0.1,0.15384615384615385,true
com.puppycrawl.tools.checkstyle.checks.imports.UnusedImportsCheckTest:testGetAcceptableTokens,1,1,1.0,1.0,1.0,0.0,0.0,0.0,1.0,1.0,1.0,0.0,0.0,0.0,0.0,1.0,1.0,0.0,true
com.puppycrawl.tools.checkstyle.utils.JavadocUtils:getJavadocTags,1,1,2.0,2.0,2.0,0.0,0.0,0.0,2.0,2.0,2.0,0.0,0.0,0.0,0.0,1.0,0.5,0.0,true
com.puppycrawl.tools.checkstyle.Main:runCli,1,1,2.0,2.0,2.0,3.0,3.0,3.0,-1.0,-1.0,-1.0,0.0,0.0,0.0,0.0,1.0,0.5,0.4,true
com.puppycrawl.tools.checkstyle.checks.design.OneTopLevelClassCheckTest:getNonCompilablePath,1,1,0.0,0.0,0.0,0.0,0.0,0.0,0.0,0.0,0.0,0.0,0.0,0.0,0.0,1.0,0.0,0.0,true
com.puppycrawl.tools.checkstyle.grammars.comments.CommentsTest:testGetCommentMeasures,1,1,8.0,8.0,8.0,0.0,0.0,0.0,8.0,8.0,8.0,0.0,0.0,0.0,0.0,1.0,0.125,0.0,true
com.puppycrawl.tools.checkstyle.checks.FileSetCheckLifecycleTest:testGetRequiredTokens,1,1,0.0,0.0,0.0,0.0,0.0,0.0,0.0,0.0,0.0,0.0,0.0,0.0,0.0,1.0,0.0,0.0,true
com.puppycrawl.tools.checkstyle.grammars.javadoc.JavadocParseTreeTest:javadocTagDescriptionWithInlineTags,2,1,0.0,0.0,0.0,5.0,5.0,2.5,-5.0,-5.0,-2.5,0.0,0.0,0.0,0.0,1.0,0.0,0.0,true
com.puppycrawl.tools.checkstyle.filefilters.ExclusionBeforeExecutionFileFilterTest:createBeforeExecutionFileFilterConfig,1,1,7.0,7.0,7.0,0.0,0.0,0.0,7.0,7.0,7.0,0.0,1.0,0.0,0.0,1.0,0.14285714285714285,0.0,true
com.puppycrawl.tools.checkstyle.ant.CheckstyleAntTaskTest:testNoFile,3,2,14.0,14.0,4.666666666666667,0.0,0.0,0.0,14.0,14.0,4.666666666666667,0.0,0.0,0.0,0.0,0.6666666666666666,0.14285714285714285,0.0,true
com.puppycrawl.tools.checkstyle.utils.ScopeUtilsTest:testInEnumBlockInAnnotation,1,1,12.0,12.0,12.0,0.0,0.0,0.0,12.0,12.0,12.0,0.0,0.0,0.0,0.0,1.0,0.08333333333333333,0.0,true
com.puppycrawl.tools.checkstyle.Checker:destroy,2,1,4.0,4.0,2.0,0.0,0.0,0.0,4.0,4.0,2.0,0.0,0.0,0.0,0.0,1.0,0.25,0.0,true
com.puppycrawl.tools.checkstyle.checks.coding.RequireThisCheck:getAllTokensOfType,1,1,6.0,6.0,6.0,0.0,0.0,0.0,6.0,6.0,6.0,0.0,0.0,0.0,0.0,1.0,0.16666666666666666,0.0,true
com.puppycrawl.tools.checkstyle.checks.whitespace.whitespaceafter.InputWhitespaceAfterLiteralFor:testDo,1,1,8.0,8.0,8.0,0.0,0.0,0.0,8.0,8.0,8.0,0.0,0.0,0.0,0.0,1.0,0.125,0.0,true
com.puppycrawl.tools.checkstyle.checks.UniquePropertiesCheckTest:testNotFoundKey,1,1,2.0,2.0,2.0,0.0,0.0,0.0,2.0,2.0,2.0,0.0,0.0,0.0,0.0,1.0,0.5,0.0,true
com.puppycrawl.tools.checkstyle.TreeWalker:setClassLoader,1,1,0.0,0.0,0.0,0.0,0.0,0.0,0.0,0.0,0.0,0.0,0.0,0.0,0.0,1.0,0.0,0.0,true
com.puppycrawl.tools.checkstyle.AstTreeStringPrinterTest:getPath,1,1,1.0,1.0,1.0,1.0,1.0,1.0,0.0,0.0,0.0,0.0,0.0,0.0,0.0,1.0,1.0,1.0,true
com.puppycrawl.tools.checkstyle.Checker:addBeforeExecutionFileFilter,1,1,4.0,4.0,4.0,0.0,0.0,0.0,4.0,4.0,4.0,0.0,0.0,0.0,0.0,1.0,0.25,0.0,true
com.puppycrawl.tools.checkstyle.checks.imports.CustomImportOrderCheck:getFullImportIdent,1,1,4.0,4.0,4.0,2.0,2.0,2.0,2.0,2.0,2.0,0.0,0.0,1.0,1.0,1.0,0.25,0.3333333333333333,true
com.puppycrawl.tools.checkstyle.checks.metrics.InputNPathComplexity:testIfElseWithExpression,1,1,12.0,12.0,12.0,0.0,0.0,0.0,12.0,12.0,12.0,0.0,0.0,0.0,0.0,1.0,0.08333333333333333,0.0,true
com.puppycrawl.tools.checkstyle.MainTest:testNonExistingOutputFormat,1,1,26.0,26.0,26.0,90.0,90.0,90.0,-64.0,-64.0,-64.0,0.0,0.0,0.0,0.0,1.0,0.038461538461538464,0.017241379310344827,true
com.puppycrawl.tools.checkstyle.internal.XdocsPagesTest:validatePropertySection,3,3,24.0,18.0,8.0,13.0,12.0,4.333333333333333,11.0,6.0,3.666666666666667,0.0,5.0,1.0,1.0,0.3333333333333333,0.041666666666666664,0.05405405405405406,true
com.puppycrawl.tools.checkstyle.checks.annotation.MissingDeprecatedCheckTest:testEmptyJavadocLine,1,1,1.0,1.0,1.0,0.0,0.0,0.0,1.0,1.0,1.0,0.0,0.0,0.0,0.0,1.0,1.0,0.0,true
com.puppycrawl.tools.checkstyle.checks.modifier.redundantmodifier.InputRedundantModifierIt:someMethod4,1,1,3.0,3.0,3.0,0.0,0.0,0.0,3.0,3.0,3.0,0.0,0.0,0.0,0.0,1.0,0.3333333333333333,0.0,true
com.puppycrawl.tools.checkstyle.checks.modifier.redundantmodifier.InputRedundantModifierIt:someMethod5,1,1,3.0,3.0,3.0,0.0,0.0,0.0,3.0,3.0,3.0,0.0,0.0,0.0,0.0,1.0,0.3333333333333333,0.0,true
com.puppycrawl.tools.checkstyle.checks.modifier.redundantmodifier.InputRedundantModifierIt:someMethod2,1,1,3.0,3.0,3.0,0.0,0.0,0.0,3.0,3.0,3.0,0.0,0.0,0.0,0.0,1.0,0.3333333333333333,0.0,true
com.puppycrawl.tools.checkstyle.checks.sizes.AnonInnerLengthCheckTest:testGetRequiredTokens,1,1,0.0,0.0,0.0,0.0,0.0,0.0,0.0,0.0,0.0,0.0,0.0,0.0,0.0,1.0,0.0,0.0,true
com.puppycrawl.tools.checkstyle.checks.modifier.redundantmodifier.InputRedundantModifierIt:someMethod3,1,1,3.0,3.0,3.0,0.0,0.0,0.0,3.0,3.0,3.0,0.0,0.0,0.0,0.0,1.0,0.3333333333333333,0.0,true
com.puppycrawl.tools.checkstyle.api.FileContents:hasIntersectionWithComment,1,1,4.0,4.0,4.0,0.0,0.0,0.0,4.0,4.0,4.0,0.0,0.0,0.0,0.0,1.0,0.25,0.0,true
com.puppycrawl.tools.checkstyle.checks.regexp.RegexpCheckTest:testIgnoreCommentsMultipleBlockStyle,1,1,9.0,9.0,9.0,0.0,0.0,0.0,9.0,9.0,9.0,0.0,0.0,0.0,0.0,1.0,0.1111111111111111,0.0,true
com.puppycrawl.tools.checkstyle.checks.coding.finallocalvariable.InputFinalLocalVariableFalsePositives:foo95,1,1,18.0,18.0,18.0,0.0,0.0,0.0,18.0,18.0,18.0,0.0,3.0,-3.0,-3.0,1.0,0.05555555555555555,0.0,true
com.puppycrawl.tools.checkstyle.checks.regexp.RegexpCheck:logMessage,1,1,1.0,1.0,1.0,1.0,1.0,1.0,0.0,0.0,0.0,0.0,0.0,0.0,0.0,1.0,1.0,1.0,true
com.puppycrawl.tools.checkstyle.checks.coding.finallocalvariable.InputFinalLocalVariableFalsePositives:foo96,1,1,18.0,18.0,18.0,0.0,0.0,0.0,18.0,18.0,18.0,0.0,3.0,-3.0,-3.0,1.0,0.05555555555555555,0.0,true
com.puppycrawl.tools.checkstyle.checks.coding.finallocalvariable.InputFinalLocalVariableFalsePositives:foo93,1,1,18.0,18.0,18.0,0.0,0.0,0.0,18.0,18.0,18.0,0.0,3.0,-3.0,-3.0,1.0,0.05555555555555555,0.0,true
com.puppycrawl.tools.checkstyle.checks.coding.finallocalvariable.InputFinalLocalVariableFalsePositives:foo94,1,1,18.0,18.0,18.0,0.0,0.0,0.0,18.0,18.0,18.0,0.0,3.0,-3.0,-3.0,1.0,0.05555555555555555,0.0,true
com.puppycrawl.tools.checkstyle.checks.coding.finallocalvariable.InputFinalLocalVariableFalsePositives:foo99,1,1,18.0,18.0,18.0,0.0,0.0,0.0,18.0,18.0,18.0,0.0,3.0,-3.0,-3.0,1.0,0.05555555555555555,0.0,true
com.puppycrawl.tools.checkstyle.checks.imports.ImportControlLoaderTest:testSafeGetThrowsException,1,1,18.0,18.0,18.0,0.0,0.0,0.0,18.0,18.0,18.0,0.0,0.0,0.0,0.0,1.0,0.05555555555555555,0.0,true
com.puppycrawl.tools.checkstyle.checks.coding.finallocalvariable.InputFinalLocalVariableFalsePositives:foo97,1,1,18.0,18.0,18.0,0.0,0.0,0.0,18.0,18.0,18.0,0.0,3.0,-3.0,-3.0,1.0,0.05555555555555555,0.0,true
com.puppycrawl.tools.checkstyle.checks.imports.UnusedImportsCheckTest:testFileInUnnamedPackage,1,1,1.0,1.0,1.0,0.0,0.0,0.0,1.0,1.0,1.0,0.0,0.0,0.0,0.0,1.0,1.0,0.0,true
com.puppycrawl.tools.checkstyle.checks.coding.finallocalvariable.InputFinalLocalVariableFalsePositives:foo98,1,1,18.0,18.0,18.0,0.0,0.0,0.0,18.0,18.0,18.0,0.0,3.0,-3.0,-3.0,1.0,0.05555555555555555,0.0,true
com.puppycrawl.tools.checkstyle.CheckerTest:testClearExistingCache,2,2,28.0,28.0,14.0,50.0,50.0,25.0,-22.0,-22.0,-11.0,0.0,0.0,0.0,0.0,0.5,0.03571428571428571,0.02564102564102564,true
com.puppycrawl.tools.checkstyle.checks.header.RegexpHeaderCheck:isMultiLine,1,1,0.0,0.0,0.0,0.0,0.0,0.0,0.0,0.0,0.0,0.0,0.0,0.0,0.0,1.0,0.0,0.0,true
com.puppycrawl.tools.checkstyle.checks.coding.PackageDeclarationCheckTest:testFileIgnoreDirectoryMismatchAtSubpackage,2,2,6.0,6.0,3.0,0.0,0.0,0.0,6.0,6.0,3.0,0.0,0.0,0.0,0.0,0.5,0.16666666666666666,0.0,true
com.puppycrawl.tools.checkstyle.filefilters.ExclusionBeforeExecutionFileFilterTest:testRejectBadFile,1,1,7.0,7.0,7.0,0.0,0.0,0.0,7.0,7.0,7.0,0.0,1.0,0.0,0.0,1.0,0.14285714285714285,0.0,true
com.puppycrawl.tools.checkstyle.checks.metrics.NPathComplexityCheck:leaveMethodDef,1,1,66.0,66.0,66.0,8.0,8.0,8.0,58.0,58.0,58.0,0.0,0.0,0.0,0.0,1.0,0.015151515151515152,0.02702702702702703,true
com.google.checkstyle.test.chapter4formatting.rule43onestatement.OneStatementPerLineTest:testOneStatementNonCompilableInput,2,2,8.0,8.0,4.0,0.0,0.0,0.0,8.0,8.0,4.0,0.0,0.0,0.0,0.0,0.5,0.125,0.0,true
com.puppycrawl.tools.checkstyle.filefilters.ExclusionBeforeExecutionFileFilterTest:testAccept,2,2,8.0,7.0,4.0,0.0,0.0,0.0,8.0,7.0,4.0,0.0,1.0,0.0,0.0,0.5,0.125,0.0,true
com.puppycrawl.tools.checkstyle.checks.annotation.AnnotationLocationCheck:isCorrectLocation,1,1,0.0,0.0,0.0,0.0,0.0,0.0,0.0,0.0,0.0,0.0,0.0,0.0,0.0,1.0,0.0,0.0,true
com.puppycrawl.tools.checkstyle.checks.blocks.RightCurlyCheckTest:testAlone,2,2,8.0,6.0,4.0,0.0,0.0,0.0,8.0,6.0,4.0,0.0,0.0,0.0,0.0,0.5,0.125,0.0,true
com.puppycrawl.tools.checkstyle.internal.XmlUtil:getFirstChildElement,1,1,4.0,4.0,4.0,0.0,0.0,0.0,4.0,4.0,4.0,0.0,0.0,0.0,0.0,1.0,0.25,0.0,true
com.puppycrawl.tools.checkstyle.api.FileTextTest:testLineColumnAfterCopyConstructor,1,1,1.0,1.0,1.0,0.0,0.0,0.0,1.0,1.0,1.0,0.0,0.0,0.0,0.0,1.0,1.0,0.0,true
com.puppycrawl.tools.checkstyle.filters.SuppressWithNearbyCommentFilterTest:removeSuppressed,1,1,1.0,1.0,1.0,0.0,0.0,0.0,1.0,1.0,1.0,0.0,0.0,0.0,0.0,1.0,1.0,0.0,true
com.puppycrawl.tools.checkstyle.checks.whitespace.parenpad.InputParenPadWithDisabledLambda:someMethod,1,1,2.0,2.0,2.0,0.0,0.0,0.0,2.0,2.0,2.0,0.0,0.0,0.0,0.0,1.0,0.5,0.0,true
com.puppycrawl.tools.checkstyle.gui.CodeSelectorPresentation:findLastPosition,1,1,17.0,17.0,17.0,0.0,0.0,0.0,17.0,17.0,17.0,0.0,0.0,0.0,0.0,1.0,0.058823529411764705,0.0,true
com.puppycrawl.tools.checkstyle.utils.CheckUtilsTest:testElseWithCurly,1,1,21.0,21.0,21.0,0.0,0.0,0.0,21.0,21.0,21.0,0.0,0.0,0.0,0.0,1.0,0.047619047619047616,0.0,true
com.puppycrawl.tools.checkstyle.utils.CheckUtilsTest:getNode,1,1,21.0,21.0,21.0,0.0,0.0,0.0,21.0,21.0,21.0,0.0,0.0,0.0,0.0,1.0,0.047619047619047616,0.0,true
com.puppycrawl.tools.checkstyle.ant.CheckstyleAntTaskTest:testDefaultLoggerListener,1,1,0.0,0.0,0.0,0.0,0.0,0.0,0.0,0.0,0.0,0.0,0.0,0.0,0.0,1.0,0.0,0.0,true
com.puppycrawl.tools.checkstyle.grammars.javadoc.JavadocParseTreeTest:testInnerBracesInCodeTag,2,1,3.0,3.0,1.5,0.0,0.0,0.0,3.0,3.0,1.5,0.0,0.0,0.0,0.0,1.0,0.3333333333333333,0.0,true
com.puppycrawl.tools.checkstyle.checks.coding.nofinalizer.InputNoFinalizerFallThrough:ifWithoutBreak,1,1,9.0,9.0,9.0,0.0,0.0,0.0,9.0,9.0,9.0,0.0,0.0,0.0,0.0,1.0,0.1111111111111111,0.0,true
com.puppycrawl.tools.checkstyle.checks.coding.requirethis.InputRequireThisAllowLocalVars:InputAllowLocalVars,1,1,6.0,6.0,6.0,0.0,0.0,0.0,6.0,6.0,6.0,0.0,0.0,0.0,0.0,1.0,0.16666666666666666,0.0,true
com.puppycrawl.tools.checkstyle.checks.imports.UnusedImportsCheckTest:testProcessJavadoc,1,1,0.0,0.0,0.0,0.0,0.0,0.0,0.0,0.0,0.0,0.0,0.0,0.0,0.0,1.0,0.0,0.0,true
com.puppycrawl.tools.checkstyle.checks.sizes.MethodLengthCheckTest:testGetRequiredTokens,1,1,0.0,0.0,0.0,0.0,0.0,0.0,0.0,0.0,0.0,0.0,0.0,0.0,0.0,1.0,0.0,0.0,true
com.puppycrawl.tools.checkstyle.checks.annotation.SuppressWarningsCheck:setFormat,2,1,4.0,3.0,2.0,1.0,1.0,0.5,3.0,2.0,1.5,0.0,0.0,0.0,0.0,1.0,0.25,0.4,true
com.puppycrawl.tools.checkstyle.checks.coding.fallthrough.InputFallThrough2:test,1,1,3.0,3.0,3.0,0.0,0.0,0.0,3.0,3.0,3.0,0.0,0.0,0.0,0.0,1.0,0.3333333333333333,0.0,true
com.puppycrawl.tools.checkstyle.checks.naming.localfinalvariablename.InputLocalFinalVariableNameTryResources:method4,1,1,7.0,7.0,7.0,0.0,0.0,0.0,7.0,7.0,7.0,0.0,0.0,0.0,0.0,1.0,0.14285714285714285,0.0,true
com.puppycrawl.tools.checkstyle.checks.naming.localfinalvariablename.InputLocalFinalVariableNameTryResources:method5,1,1,7.0,7.0,7.0,0.0,0.0,0.0,7.0,7.0,7.0,0.0,0.0,0.0,0.0,1.0,0.14285714285714285,0.0,true
com.puppycrawl.tools.checkstyle.checks.naming.localfinalvariablename.InputLocalFinalVariableNameTryResources:method2,1,1,7.0,7.0,7.0,0.0,0.0,0.0,7.0,7.0,7.0,0.0,0.0,0.0,0.0,1.0,0.14285714285714285,0.0,true
com.puppycrawl.tools.checkstyle.gui.CodeSelectorPresentation:CodeSelectorPresentation,3,3,25.0,17.0,8.333333333333334,0.0,0.0,0.0,25.0,17.0,8.333333333333334,0.0,0.0,0.0,0.0,0.3333333333333333,0.04,0.0,true
com.puppycrawl.tools.checkstyle.checks.naming.localfinalvariablename.InputLocalFinalVariableNameTryResources:method3,1,1,7.0,7.0,7.0,0.0,0.0,0.0,7.0,7.0,7.0,0.0,0.0,0.0,0.0,1.0,0.14285714285714285,0.0,true
com.puppycrawl.tools.checkstyle.checks.coding.EqualsHashCodeCheck:isEqualsMethod,1,1,8.0,8.0,8.0,0.0,0.0,0.0,8.0,8.0,8.0,0.0,0.0,0.0,0.0,1.0,0.125,0.0,true
com.puppycrawl.tools.checkstyle.checks.indentation.LineWrappingHandler:getNextNodeLine,1,1,41.0,41.0,41.0,22.0,22.0,22.0,19.0,19.0,19.0,0.0,1.0,1.0,1.0,1.0,0.024390243902439025,0.031746031746031744,true
com.puppycrawl.tools.checkstyle.checks.imports.ImportControlTest:testEnsureTrailingDot,2,2,5.0,4.0,2.5,0.0,0.0,0.0,5.0,4.0,2.5,0.0,0.0,0.0,0.0,0.5,0.2,0.0,true
com.puppycrawl.tools.checkstyle.checks.javadoc.JavadocMethodCheck:setExcludeScope,1,1,2.0,2.0,2.0,0.0,0.0,0.0,2.0,2.0,2.0,0.0,0.0,0.0,0.0,1.0,0.5,0.0,true
com.puppycrawl.tools.checkstyle.checks.naming.localfinalvariablename.InputLocalFinalVariableNameTryResources:method6,1,1,7.0,7.0,7.0,0.0,0.0,0.0,7.0,7.0,7.0,0.0,0.0,0.0,0.0,1.0,0.14285714285714285,0.0,true
com.puppycrawl.tools.checkstyle.checks.indentation.IndentationCheckTest:testSynchronizedStatement,1,1,1.0,1.0,1.0,0.0,0.0,0.0,1.0,1.0,1.0,0.0,0.0,0.0,0.0,1.0,1.0,0.0,true
com.puppycrawl.tools.checkstyle.filters.SuppressionFilterTest:testNonExistingSuppressionFileWithTrueOptional,2,2,11.0,11.0,5.5,0.0,0.0,0.0,11.0,11.0,5.5,0.0,0.0,0.0,0.0,0.5,0.09090909090909091,0.0,true
com.puppycrawl.tools.checkstyle.MainTest:setUp,1,1,0.0,0.0,0.0,0.0,0.0,0.0,0.0,0.0,0.0,0.0,0.0,0.0,0.0,1.0,0.0,0.0,true
com.puppycrawl.tools.checkstyle.ant.CheckstyleAntTaskTest:testFailureProperty,2,2,10.0,10.0,5.0,9.0,9.0,4.5,1.0,1.0,0.5,0.0,0.0,0.0,0.0,0.5,0.1,0.10526315789473684,true
com.puppycrawl.tools.checkstyle.checks.blocks.EmptyBlockCheck:checkIsAllLinesAreWhitespace,1,1,0.0,0.0,0.0,0.0,0.0,0.0,0.0,0.0,0.0,0.0,0.0,0.0,0.0,1.0,0.0,0.0,true
com.puppycrawl.tools.checkstyle.checks.imports.ImportControlCheckTest:testUrlIncorrectUrl,3,3,16.0,9.0,5.333333333333333,0.0,0.0,0.0,16.0,9.0,5.333333333333333,0.0,0.0,0.0,0.0,0.3333333333333333,0.0625,0.0,true
com.puppycrawl.tools.checkstyle.PackageObjectFactoryTest:testCreateModuleWithNonExistName,1,1,10.0,10.0,10.0,0.0,0.0,0.0,10.0,10.0,10.0,0.0,0.0,0.0,0.0,1.0,0.1,0.0,true
com.puppycrawl.tools.checkstyle.utils.CommonUtilsTest:testIsBlankWithWhitespacesOnly,1,1,3.0,3.0,3.0,0.0,0.0,0.0,3.0,3.0,3.0,0.0,0.0,0.0,0.0,1.0,0.3333333333333333,0.0,true
com.puppycrawl.tools.checkstyle.checks.blocks.rightcurly.InputRightCurlyAloneLambda:foo1,1,1,10.0,10.0,10.0,0.0,0.0,0.0,10.0,10.0,10.0,0.0,0.0,0.0,0.0,1.0,0.1,0.0,true
com.puppycrawl.tools.checkstyle.checks.indentation.CommentsIndentationCheckTest:getPath,1,1,0.0,0.0,0.0,0.0,0.0,0.0,0.0,0.0,0.0,0.0,0.0,0.0,0.0,1.0,0.0,0.0,true
com.google.checkstyle.test.base.BaseCheckTestSupport:createChecker,1,1,0.0,0.0,0.0,0.0,0.0,0.0,0.0,0.0,0.0,0.0,0.0,0.0,0.0,1.0,0.0,0.0,true
com.puppycrawl.tools.checkstyle.checks.design.designforextension.InputDesignForExtensionIgnoredAnnotations:testFoo,1,1,3.0,3.0,3.0,0.0,0.0,0.0,3.0,3.0,3.0,0.0,0.0,0.0,0.0,1.0,0.3333333333333333,0.0,true
com.puppycrawl.tools.checkstyle.internal.XdocsPagesTest:validateStyleAnchors,1,1,3.0,3.0,3.0,0.0,0.0,0.0,3.0,3.0,3.0,0.0,0.0,0.0,0.0,1.0,0.3333333333333333,0.0,true
com.puppycrawl.tools.checkstyle.api.DetailAST:addPreviousSibling,2,2,23.0,13.0,11.5,0.0,0.0,0.0,23.0,13.0,11.5,0.0,0.0,0.0,0.0,0.5,0.043478260869565216,0.0,true
com.puppycrawl.tools.checkstyle.checks.coding.superfinalize.InputSuperFinalizeVariations:InputSuperFinalizeVariations,1,1,4.0,4.0,4.0,0.0,0.0,0.0,4.0,4.0,4.0,0.0,0.0,0.0,0.0,1.0,0.25,0.0,true
com.puppycrawl.tools.checkstyle.checks.imports.ImportControlLoaderTest:testLoadThrowsException,2,2,18.0,18.0,9.0,0.0,0.0,0.0,18.0,18.0,9.0,0.0,0.0,0.0,0.0,0.5,0.05555555555555555,0.0,true
com.puppycrawl.tools.checkstyle.checks.javadoc.TagParser:getTagId,1,1,19.0,19.0,19.0,15.0,15.0,15.0,4.0,4.0,4.0,0.0,0.0,0.0,0.0,1.0,0.05263157894736842,0.058823529411764705,true
com.puppycrawl.tools.checkstyle.utils.ModuleReflectionUtils:isCheckstyleCheck,1,1,4.0,4.0,4.0,0.0,0.0,0.0,4.0,4.0,4.0,0.0,0.0,0.0,0.0,1.0,0.25,0.0,true
com.puppycrawl.tools.checkstyle.grammars.comments.CommentsTest:testIntersects,1,1,8.0,8.0,8.0,0.0,0.0,0.0,8.0,8.0,8.0,0.0,0.0,0.0,0.0,1.0,0.125,0.0,true
com.puppycrawl.tools.checkstyle.checks.header.HeaderCheckTest:testNonExistingHeaderFile,2,2,1.0,1.0,0.5,0.0,0.0,0.0,1.0,1.0,0.5,0.0,0.0,0.0,0.0,0.5,1.0,0.0,true
com.puppycrawl.tools.checkstyle.checks.indentation.BlockParentHandler:checkLeftCurly,1,1,5.0,5.0,5.0,0.0,0.0,0.0,5.0,5.0,5.0,0.0,0.0,0.0,0.0,1.0,0.2,0.0,true
com.puppycrawl.tools.checkstyle.BaseCheckTestSupport:getPath,1,1,0.0,0.0,0.0,0.0,0.0,0.0,0.0,0.0,0.0,0.0,0.0,0.0,0.0,1.0,0.0,0.0,true
com.google.checkstyle.test.chapter4formatting.rule412nonemptyblocks.RightCurlyTest:testRightCurlyAloneSameAndLiteralDo,1,1,15.0,15.0,15.0,1.0,1.0,1.0,14.0,14.0,14.0,0.0,0.0,0.0,0.0,1.0,0.06666666666666667,0.125,true
com.puppycrawl.tools.checkstyle.checks.design.MutableExceptionCheckTest:testGetAcceptableTokens,1,1,0.0,0.0,0.0,0.0,0.0,0.0,0.0,0.0,0.0,0.0,0.0,0.0,0.0,1.0,0.0,0.0,true
com.puppycrawl.tools.checkstyle.grammars.javadoc.JavadocParseTreeTest:dotCharacterInCustomTags,2,1,0.0,0.0,0.0,5.0,5.0,2.5,-5.0,-5.0,-2.5,0.0,0.0,0.0,0.0,1.0,0.0,0.0,true
com.puppycrawl.tools.checkstyle.checks.coding.FallThroughCheck:checkTry,1,1,10.0,10.0,10.0,0.0,0.0,0.0,10.0,10.0,10.0,0.0,1.0,0.0,0.0,1.0,0.1,0.0,true
com.puppycrawl.tools.checkstyle.checks.coding.finallocalvariable.InputFinalLocalVariableFalsePositives:foo59,1,1,19.0,19.0,19.0,0.0,0.0,0.0,19.0,19.0,19.0,0.0,7.0,-1.0,-1.0,1.0,0.05263157894736842,0.0,true
com.puppycrawl.tools.checkstyle.checks.imports.PkgImportRuleTest:testPkgImportRuleRegexp,2,2,43.0,34.0,21.5,0.0,0.0,0.0,43.0,34.0,21.5,0.0,0.0,0.0,0.0,0.5,0.023255813953488372,0.0,true
com.puppycrawl.tools.checkstyle.checks.coding.finallocalvariable.InputFinalLocalVariableFalsePositives:foo57,1,1,19.0,19.0,19.0,0.0,0.0,0.0,19.0,19.0,19.0,0.0,7.0,-1.0,-1.0,1.0,0.05263157894736842,0.0,true
com.puppycrawl.tools.checkstyle.CheckerTest:testAddFilter,1,1,5.0,5.0,5.0,0.0,0.0,0.0,5.0,5.0,5.0,0.0,0.0,0.0,0.0,1.0,0.2,0.0,true
com.puppycrawl.tools.checkstyle.checks.coding.RequireThisCheck:endCollectingDeclarations,1,1,24.0,24.0,24.0,0.0,0.0,0.0,24.0,24.0,24.0,0.0,1.0,0.0,0.0,1.0,0.041666666666666664,0.0,true
com.puppycrawl.tools.checkstyle.checks.coding.finallocalvariable.InputFinalLocalVariableFalsePositives:foo58,1,1,19.0,19.0,19.0,0.0,0.0,0.0,19.0,19.0,19.0,0.0,7.0,-1.0,-1.0,1.0,0.05263157894736842,0.0,true
com.puppycrawl.tools.checkstyle.checks.indentation.NewHandler:checkIndentation,1,1,1.0,1.0,1.0,0.0,0.0,0.0,1.0,1.0,1.0,0.0,0.0,0.0,0.0,1.0,1.0,0.0,true
com.puppycrawl.tools.checkstyle.checks.indentation.indentation.InputIndentationInvalidMethodIndent:InputIndentationInvalidMethodIndent,1,1,3.0,3.0,3.0,0.0,0.0,0.0,3.0,3.0,3.0,0.0,0.0,0.0,0.0,1.0,0.3333333333333333,0.0,true
com.puppycrawl.tools.checkstyle.checks.coding.finallocalvariable.InputFinalLocalVariableFalsePositives:foo51,1,1,19.0,19.0,19.0,0.0,0.0,0.0,19.0,19.0,19.0,0.0,7.0,-1.0,-1.0,1.0,0.05263157894736842,0.0,true
com.puppycrawl.tools.checkstyle.checks.coding.finallocalvariable.InputFinalLocalVariableFalsePositives:foo52,1,1,19.0,19.0,19.0,0.0,0.0,0.0,19.0,19.0,19.0,0.0,7.0,-1.0,-1.0,1.0,0.05263157894736842,0.0,true
com.puppycrawl.tools.checkstyle.checks.coding.FinalLocalVariableCheck:getRequiredTokens,1,1,8.0,8.0,8.0,0.0,0.0,0.0,8.0,8.0,8.0,0.0,1.0,0.0,0.0,1.0,0.125,0.0,true
com.puppycrawl.tools.checkstyle.checks.coding.finallocalvariable.InputFinalLocalVariableFalsePositives:foo50,1,1,19.0,19.0,19.0,0.0,0.0,0.0,19.0,19.0,19.0,0.0,7.0,-1.0,-1.0,1.0,0.05263157894736842,0.0,true
com.puppycrawl.tools.checkstyle.checks.coding.finallocalvariable.InputFinalLocalVariableFalsePositives:foo55,1,1,19.0,19.0,19.0,0.0,0.0,0.0,19.0,19.0,19.0,0.0,7.0,-1.0,-1.0,1.0,0.05263157894736842,0.0,true
com.puppycrawl.tools.checkstyle.utils.ModuleReflectionUtilsTest:testIsValidCheckstyleClass,1,1,7.0,7.0,7.0,0.0,0.0,0.0,7.0,7.0,7.0,0.0,0.0,0.0,0.0,1.0,0.14285714285714285,0.0,true
com.puppycrawl.tools.checkstyle.checks.coding.finallocalvariable.InputFinalLocalVariableFalsePositives:foo56,1,1,19.0,19.0,19.0,0.0,0.0,0.0,19.0,19.0,19.0,0.0,7.0,-1.0,-1.0,1.0,0.05263157894736842,0.0,true
com.puppycrawl.tools.checkstyle.checks.coding.finallocalvariable.InputFinalLocalVariableFalsePositives:foo53,1,1,19.0,19.0,19.0,0.0,0.0,0.0,19.0,19.0,19.0,0.0,7.0,-1.0,-1.0,1.0,0.05263157894736842,0.0,true
com.puppycrawl.tools.checkstyle.utils.TokenUtilsTest:testTokenValueIncorrect,1,1,6.0,6.0,6.0,0.0,0.0,0.0,6.0,6.0,6.0,0.0,0.0,0.0,0.0,1.0,0.16666666666666666,0.0,true
com.puppycrawl.tools.checkstyle.checks.coding.finallocalvariable.InputFinalLocalVariableFalsePositives:foo54,1,1,19.0,19.0,19.0,0.0,0.0,0.0,19.0,19.0,19.0,0.0,7.0,-1.0,-1.0,1.0,0.05263157894736842,0.0,true
com.puppycrawl.tools.checkstyle.checks.imports.ImportControl:matchesAtFrontNoRegex,2,2,12.0,11.0,6.0,0.0,0.0,0.0,12.0,11.0,6.0,0.0,1.0,-1.0,-1.0,0.5,0.08333333333333333,0.0,true
com.puppycrawl.tools.checkstyle.checks.blocks.NeedBracesCheck:isEmptyLoopBody,1,1,1.0,1.0,1.0,0.0,0.0,0.0,1.0,1.0,1.0,0.0,0.0,0.0,0.0,1.0,1.0,0.0,false
com.puppycrawl.tools.checkstyle.checks.design.DesignForExtensionCheck:hasAnnotation,2,2,5.0,5.0,2.5,0.0,0.0,0.0,5.0,5.0,2.5,0.0,0.0,0.0,0.0,0.5,0.2,0.0,true
com.puppycrawl.tools.checkstyle.checks.blocks.LeftCurlyCheckTest:testNl,1,1,2.0,2.0,2.0,0.0,0.0,0.0,2.0,2.0,2.0,0.0,0.0,0.0,0.0,1.0,0.5,0.0,true
com.puppycrawl.tools.checkstyle.checks.imports.ImportControl:matchesExactly,3,3,12.0,11.0,4.0,0.0,0.0,0.0,12.0,11.0,4.0,0.0,1.0,-1.0,-1.0,0.3333333333333333,0.08333333333333333,0.0,true
com.puppycrawl.tools.checkstyle.checks.naming.methodname.InputMethodNameEqualClassName:anotherMethod,1,1,3.0,3.0,3.0,0.0,0.0,0.0,3.0,3.0,3.0,0.0,0.0,0.0,0.0,1.0,0.3333333333333333,0.0,true
com.puppycrawl.tools.checkstyle.checks.design.InnerTypeLastCheckTest:testGetRequiredTokens,1,1,0.0,0.0,0.0,0.0,0.0,0.0,0.0,0.0,0.0,0.0,0.0,0.0,0.0,1.0,0.0,0.0,true
com.puppycrawl.tools.checkstyle.checks.blocks.rightcurly.InputRightCurlyLeft:method2,1,1,0.0,0.0,0.0,0.0,0.0,0.0,0.0,0.0,0.0,0.0,0.0,0.0,0.0,1.0,0.0,0.0,true
com.puppycrawl.tools.checkstyle.checks.annotation.MissingOverrideCheckTest:testGoodAnnotationOverrideJ5Compatible,1,1,2.0,2.0,2.0,0.0,0.0,0.0,2.0,2.0,2.0,0.0,0.0,0.0,0.0,1.0,0.5,0.0,true
com.puppycrawl.tools.checkstyle.checks.AbstractTypeAwareCheck:processTypeParams,2,2,1.0,1.0,0.5,0.0,0.0,0.0,1.0,1.0,0.5,0.0,0.0,0.0,0.0,0.5,1.0,0.0,true
com.puppycrawl.tools.checkstyle.checks.metrics.AbstractClassCouplingCheck:leaveClassDef,1,1,34.0,34.0,34.0,0.0,0.0,0.0,34.0,34.0,34.0,0.0,0.0,0.0,0.0,1.0,0.029411764705882353,0.0,true
com.puppycrawl.tools.checkstyle.checks.imports.IllegalImportCheckTest:testIllegalPackagesAndClassesRegularExpression,2,2,13.0,7.0,6.5,0.0,0.0,0.0,13.0,7.0,6.5,0.0,0.0,0.0,0.0,0.5,0.07692307692307693,0.0,true
com.puppycrawl.tools.checkstyle.grammars.javadoc.JavadocParseTreeTest:testAllStandardJavadocTags,2,1,3.0,3.0,1.5,0.0,0.0,0.0,3.0,3.0,1.5,0.0,0.0,0.0,0.0,1.0,0.3333333333333333,0.0,true
com.puppycrawl.tools.checkstyle.checks.coding.finallocalvariable.InputFinalLocalVariableFalsePositives:foo68,1,1,19.0,19.0,19.0,0.0,0.0,0.0,19.0,19.0,19.0,0.0,7.0,-1.0,-1.0,1.0,0.05263157894736842,0.0,true
com.puppycrawl.tools.checkstyle.checks.coding.finallocalvariable.InputFinalLocalVariableFalsePositives:foo69,1,1,19.0,19.0,19.0,0.0,0.0,0.0,19.0,19.0,19.0,0.0,7.0,-1.0,-1.0,1.0,0.05263157894736842,0.0,true
com.puppycrawl.tools.checkstyle.CheckerTest:testCacheAndFilterWhichDoesNotImplementExternalResourceHolderInterface,2,2,28.0,28.0,14.0,50.0,50.0,25.0,-22.0,-22.0,-11.0,0.0,0.0,0.0,0.0,0.5,0.03571428571428571,0.02564102564102564,true
com.puppycrawl.tools.checkstyle.checks.javadoc.JavadocParagraphCheck:checkEmptyLine,2,2,0.0,0.0,0.0,0.0,0.0,0.0,0.0,0.0,0.0,0.0,0.0,0.0,0.0,0.5,0.0,0.0,true
com.puppycrawl.tools.checkstyle.checks.coding.finallocalvariable.InputFinalLocalVariableFalsePositives:foo62,1,1,19.0,19.0,19.0,0.0,0.0,0.0,19.0,19.0,19.0,0.0,7.0,-1.0,-1.0,1.0,0.05263157894736842,0.0,true
com.puppycrawl.tools.checkstyle.checks.coding.finallocalvariable.InputFinalLocalVariableFalsePositives:foo63,1,1,19.0,19.0,19.0,0.0,0.0,0.0,19.0,19.0,19.0,0.0,7.0,-1.0,-1.0,1.0,0.05263157894736842,0.0,true
com.puppycrawl.tools.checkstyle.checks.coding.finallocalvariable.InputFinalLocalVariableFalsePositives:foo60,1,1,19.0,19.0,19.0,0.0,0.0,0.0,19.0,19.0,19.0,0.0,7.0,-1.0,-1.0,1.0,0.05263157894736842,0.0,true
com.puppycrawl.tools.checkstyle.checks.whitespace.whitespaceafter.InputWhitespaceAfterLiteralDo:condition,1,1,8.0,8.0,8.0,0.0,0.0,0.0,8.0,8.0,8.0,0.0,0.0,0.0,0.0,1.0,0.125,0.0,true
com.puppycrawl.tools.checkstyle.checks.coding.finallocalvariable.InputFinalLocalVariableFalsePositives:foo61,1,1,19.0,19.0,19.0,0.0,0.0,0.0,19.0,19.0,19.0,0.0,7.0,-1.0,-1.0,1.0,0.05263157894736842,0.0,true
com.puppycrawl.tools.checkstyle.checks.coding.finallocalvariable.InputFinalLocalVariableFalsePositives:foo66,1,1,19.0,19.0,19.0,0.0,0.0,0.0,19.0,19.0,19.0,0.0,7.0,-1.0,-1.0,1.0,0.05263157894736842,0.0,true
com.puppycrawl.tools.checkstyle.checks.naming.methodname.InputMethodNameEqualClassName:PRIVATEInputMethodNameEqualClassName,1,1,3.0,3.0,3.0,0.0,0.0,0.0,3.0,3.0,3.0,0.0,0.0,0.0,0.0,1.0,0.3333333333333333,0.0,true
com.puppycrawl.tools.checkstyle.checks.coding.finallocalvariable.InputFinalLocalVariableFalsePositives:foo67,1,1,19.0,19.0,19.0,0.0,0.0,0.0,19.0,19.0,19.0,0.0,7.0,-1.0,-1.0,1.0,0.05263157894736842,0.0,true
com.puppycrawl.tools.checkstyle.checks.design.hideutilityclassconstructor.InputHideUtilityClassConstructorSerializableInnerStatic:InputHideUtilityClassConstructorSerializableInnerStatic,1,1,2.0,2.0,2.0,0.0,0.0,0.0,2.0,2.0,2.0,0.0,0.0,0.0,0.0,1.0,0.5,0.0,true
com.puppycrawl.tools.checkstyle.checks.whitespace.NoWhitespaceAfterCheck:getAcceptableTokens,2,2,0.0,0.0,0.0,0.0,0.0,0.0,0.0,0.0,0.0,0.0,0.0,0.0,0.0,0.5,0.0,0.0,true
com.puppycrawl.tools.checkstyle.checks.coding.finallocalvariable.InputFinalLocalVariableFalsePositives:foo64,1,1,19.0,19.0,19.0,0.0,0.0,0.0,19.0,19.0,19.0,0.0,7.0,-1.0,-1.0,1.0,0.05263157894736842,0.0,true
com.puppycrawl.tools.checkstyle.checks.coding.finallocalvariable.InputFinalLocalVariableFalsePositives:foo65,1,1,19.0,19.0,19.0,0.0,0.0,0.0,19.0,19.0,19.0,0.0,7.0,-1.0,-1.0,1.0,0.05263157894736842,0.0,true
com.puppycrawl.tools.checkstyle.internal.CheckUtil:getSimpleNames,1,1,11.0,11.0,11.0,0.0,0.0,0.0,11.0,11.0,11.0,0.0,1.0,0.0,0.0,1.0,0.09090909090909091,0.0,true
com.puppycrawl.tools.checkstyle.checks.indentation.IndentationCheckTest:testInvalidWhileWithChecker,1,1,1.0,1.0,1.0,0.0,0.0,0.0,1.0,1.0,1.0,0.0,0.0,0.0,0.0,1.0,1.0,0.0,true
com.puppycrawl.tools.checkstyle.checks.coding.finallocalvariable.InputFinalLocalVariableFalsePositives:foo70,1,1,19.0,19.0,19.0,0.0,0.0,0.0,19.0,19.0,19.0,0.0,7.0,-1.0,-1.0,1.0,0.05263157894736842,0.0,true
com.puppycrawl.tools.checkstyle.filters.SuppressWithNearbyCommentFilterTest:testUsingVariableCheckOnNextLine,1,1,9.0,9.0,9.0,0.0,0.0,0.0,9.0,9.0,9.0,0.0,0.0,0.0,0.0,1.0,0.1111111111111111,0.0,true
com.puppycrawl.tools.checkstyle.utils.CommonUtilsTest:testIsBlank,1,1,3.0,3.0,3.0,0.0,0.0,0.0,3.0,3.0,3.0,0.0,0.0,0.0,0.0,1.0,0.3333333333333333,0.0,true
com.puppycrawl.tools.checkstyle.checks.annotation.AnnotationUseStyleCheckTest:testStyleCompactNoArray,1,1,6.0,6.0,6.0,0.0,0.0,0.0,6.0,6.0,6.0,0.0,0.0,0.0,0.0,1.0,0.16666666666666666,0.0,true
com.puppycrawl.tools.checkstyle.api.FullIdent:getText,1,1,1.0,1.0,1.0,1.0,1.0,1.0,0.0,0.0,0.0,0.0,0.0,0.0,0.0,1.0,1.0,1.0,true
com.puppycrawl.tools.checkstyle.checks.design.FinalClassCheck:extractQualifiedName,1,1,1.0,1.0,1.0,1.0,1.0,1.0,0.0,0.0,0.0,0.0,0.0,0.0,0.0,1.0,1.0,1.0,true
com.puppycrawl.tools.checkstyle.checks.metrics.InputNPathComplexity:testComplexTernaryOperator,1,1,12.0,12.0,12.0,0.0,0.0,0.0,12.0,12.0,12.0,0.0,0.0,0.0,0.0,1.0,0.08333333333333333,0.0,true
com.google.checkstyle.test.chapter3filestructure.rule341onetoplevel.OneTopLevelClassTest:testGood,1,1,9.0,9.0,9.0,0.0,0.0,0.0,9.0,9.0,9.0,0.0,0.0,0.0,0.0,1.0,0.1111111111111111,0.0,true
com.puppycrawl.tools.checkstyle.checks.coding.finallocalvariable.InputFinalLocalVariableFalsePositives:foo79,1,1,19.0,19.0,19.0,0.0,0.0,0.0,19.0,19.0,19.0,0.0,7.0,-1.0,-1.0,1.0,0.05263157894736842,0.0,true
com.puppycrawl.tools.checkstyle.checks.indentation.IndentationCheckTest:testValidArrayInitWithChecker,1,1,1.0,1.0,1.0,0.0,0.0,0.0,1.0,1.0,1.0,0.0,0.0,0.0,0.0,1.0,1.0,0.0,true
com.puppycrawl.tools.checkstyle.utils.ScopeUtilsTest:testSurroundingScopeOfNodeChildOfLiteralNewIsAnoninner,1,1,12.0,12.0,12.0,0.0,0.0,0.0,12.0,12.0,12.0,0.0,0.0,0.0,0.0,1.0,0.08333333333333333,0.0,true
com.puppycrawl.tools.checkstyle.checks.whitespace.separatorwrap.InputSeparatorWrapForTestComma:goodCase,1,1,12.0,12.0,12.0,0.0,0.0,0.0,12.0,12.0,12.0,0.0,0.0,0.0,0.0,1.0,0.08333333333333333,0.0,true
com.puppycrawl.tools.checkstyle.utils.CommonUtils:isBlank,1,1,24.0,24.0,24.0,5.0,5.0,5.0,19.0,19.0,19.0,0.0,2.0,0.0,0.0,1.0,0.041666666666666664,0.06896551724137931,true
com.puppycrawl.tools.checkstyle.checks.coding.finallocalvariable.InputFinalLocalVariableFalsePositives:foo73,1,1,19.0,19.0,19.0,0.0,0.0,0.0,19.0,19.0,19.0,0.0,7.0,-1.0,-1.0,1.0,0.05263157894736842,0.0,true
com.puppycrawl.tools.checkstyle.checks.coding.finallocalvariable.InputFinalLocalVariableFalsePositives:foo71,1,1,19.0,19.0,19.0,0.0,0.0,0.0,19.0,19.0,19.0,0.0,7.0,-1.0,-1.0,1.0,0.05263157894736842,0.0,true
com.puppycrawl.tools.checkstyle.checks.coding.finallocalvariable.InputFinalLocalVariableFalsePositives:foo72,1,1,19.0,19.0,19.0,0.0,0.0,0.0,19.0,19.0,19.0,0.0,7.0,-1.0,-1.0,1.0,0.05263157894736842,0.0,true
com.puppycrawl.tools.checkstyle.utils.JavadocUtils:isCorrectJavadocPosition,1,1,4.0,4.0,4.0,0.0,0.0,0.0,4.0,4.0,4.0,0.0,0.0,0.0,0.0,1.0,0.25,0.0,true
com.puppycrawl.tools.checkstyle.checks.coding.finallocalvariable.InputFinalLocalVariableFalsePositives:foo77,1,1,19.0,19.0,19.0,0.0,0.0,0.0,19.0,19.0,19.0,0.0,7.0,-1.0,-1.0,1.0,0.05263157894736842,0.0,true
com.puppycrawl.tools.checkstyle.checks.modifier.RedundantModifierCheck:processAbstractMethodParameters,1,1,15.0,15.0,15.0,12.0,12.0,12.0,3.0,3.0,3.0,0.0,1.0,0.0,0.0,1.0,0.06666666666666667,0.07407407407407407,true
com.puppycrawl.tools.checkstyle.checks.coding.finallocalvariable.InputFinalLocalVariableFalsePositives:foo78,1,1,19.0,19.0,19.0,0.0,0.0,0.0,19.0,19.0,19.0,0.0,7.0,-1.0,-1.0,1.0,0.05263157894736842,0.0,true
com.puppycrawl.tools.checkstyle.checks.AbstractTypeAwareCheck:leaveToken,1,1,0.0,0.0,0.0,0.0,0.0,0.0,0.0,0.0,0.0,0.0,0.0,0.0,0.0,1.0,0.0,0.0,true
com.puppycrawl.tools.checkstyle.checks.coding.finallocalvariable.InputFinalLocalVariableFalsePositives:foo75,1,1,19.0,19.0,19.0,0.0,0.0,0.0,19.0,19.0,19.0,0.0,7.0,-1.0,-1.0,1.0,0.05263157894736842,0.0,true
com.puppycrawl.tools.checkstyle.checks.imports.ImportControlCheck:getPackageText,1,1,5.0,5.0,5.0,0.0,0.0,0.0,5.0,5.0,5.0,0.0,0.0,0.0,0.0,1.0,0.2,0.0,true
com.puppycrawl.tools.checkstyle.checks.coding.finallocalvariable.InputFinalLocalVariableFalsePositives:foo76,1,1,19.0,19.0,19.0,0.0,0.0,0.0,19.0,19.0,19.0,0.0,7.0,-1.0,-1.0,1.0,0.05263157894736842,0.0,true
com.puppycrawl.tools.checkstyle.filters.SuppressionFilterTest:testExistingSuppressionFileWithTrueOptional,2,2,11.0,11.0,5.5,0.0,0.0,0.0,11.0,11.0,5.5,0.0,0.0,0.0,0.0,0.5,0.09090909090909091,0.0,true
com.puppycrawl.tools.checkstyle.gui.TreeTable:makeCodeSelection,2,2,3.0,2.0,1.5,0.0,0.0,0.0,3.0,2.0,1.5,0.0,0.0,0.0,0.0,0.5,0.3333333333333333,0.0,true
com.puppycrawl.tools.checkstyle.checks.coding.finallocalvariable.InputFinalLocalVariableFalsePositives:foo80,1,1,19.0,19.0,19.0,0.0,0.0,0.0,19.0,19.0,19.0,0.0,7.0,-1.0,-1.0,1.0,0.05263157894736842,0.0,true
com.puppycrawl.tools.checkstyle.api.LocalizedMessage:getModuleId,1,1,0.0,0.0,0.0,0.0,0.0,0.0,0.0,0.0,0.0,0.0,0.0,0.0,0.0,1.0,0.0,0.0,true
com.puppycrawl.tools.checkstyle.checks.coding.finallocalvariable.InputFinalLocalVariableFalsePositives:foo81,1,1,19.0,19.0,19.0,0.0,0.0,0.0,19.0,19.0,19.0,0.0,7.0,-1.0,-1.0,1.0,0.05263157894736842,0.0,true
com.puppycrawl.tools.checkstyle.checks.blocks.RightCurlyCheck:isAloneLambda,1,1,33.0,33.0,33.0,0.0,0.0,0.0,33.0,33.0,33.0,0.0,0.0,0.0,0.0,1.0,0.030303030303030304,0.0,true
com.puppycrawl.tools.checkstyle.api.ScopeTest:testMisc,2,2,14.0,10.0,7.0,1.0,1.0,0.5,13.0,9.0,6.5,0.0,0.0,0.0,0.0,0.5,0.07142857142857142,0.13333333333333333,true
com.puppycrawl.tools.checkstyle.checks.annotation.MissingDeprecatedCheckTest:testSpecialCaseDeprecated,1,1,1.0,1.0,1.0,0.0,0.0,0.0,1.0,1.0,1.0,0.0,0.0,0.0,0.0,1.0,1.0,0.0,true
com.puppycrawl.tools.checkstyle.checks.indentation.indentation.InputIndentationInvalidThrowsIndent:InputIndentationInvalidThrowsIndent,1,1,2.0,2.0,2.0,0.0,0.0,0.0,2.0,2.0,2.0,0.0,0.0,0.0,0.0,1.0,0.5,0.0,true
com.puppycrawl.tools.checkstyle.gui.TreeTable:getEditingRow,1,1,3.0,3.0,3.0,2.0,2.0,2.0,1.0,1.0,1.0,0.0,0.0,1.0,1.0,1.0,0.3333333333333333,0.4,true
com.puppycrawl.tools.checkstyle.PackageObjectFactory:fillChecksFromMetricsPackage,1,1,5.0,5.0,5.0,0.0,0.0,0.0,5.0,5.0,5.0,0.0,0.0,0.0,0.0,1.0,0.2,0.0,true
com.puppycrawl.tools.checkstyle.checks.imports.CustomImportOrderCheck:setSpecialImportsRegExp,1,1,2.0,2.0,2.0,0.0,0.0,0.0,2.0,2.0,2.0,0.0,0.0,0.0,0.0,1.0,0.5,0.0,true
com.puppycrawl.tools.checkstyle.checks.design.designforextension.InputDesignForExtensionNativeMethods:foo1,1,1,2.0,2.0,2.0,0.0,0.0,0.0,2.0,2.0,2.0,0.0,0.0,0.0,0.0,1.0,0.5,0.0,true
com.puppycrawl.tools.checkstyle.checks.coding.finallocalvariable.InputFinalLocalVariableFalsePositives:foo84,1,1,19.0,19.0,19.0,0.0,0.0,0.0,19.0,19.0,19.0,0.0,7.0,-1.0,-1.0,1.0,0.05263157894736842,0.0,true
com.puppycrawl.tools.checkstyle.checks.coding.finallocalvariable.InputFinalLocalVariableFalsePositives:foo85,1,1,19.0,19.0,19.0,0.0,0.0,0.0,19.0,19.0,19.0,0.0,7.0,-1.0,-1.0,1.0,0.05263157894736842,0.0,true
com.puppycrawl.tools.checkstyle.checks.coding.finallocalvariable.InputFinalLocalVariableFalsePositives:foo82,1,1,19.0,19.0,19.0,0.0,0.0,0.0,19.0,19.0,19.0,0.0,7.0,-1.0,-1.0,1.0,0.05263157894736842,0.0,true
com.puppycrawl.tools.checkstyle.checks.coding.finallocalvariable.InputFinalLocalVariableFalsePositives:foo83,1,1,19.0,19.0,19.0,0.0,0.0,0.0,19.0,19.0,19.0,0.0,7.0,-1.0,-1.0,1.0,0.05263157894736842,0.0,true
com.puppycrawl.tools.checkstyle.checks.indentation.indentation.InputIndentationInvalidIfIndent:parenIfTest,1,1,0.0,0.0,0.0,0.0,0.0,0.0,0.0,0.0,0.0,0.0,1.0,0.0,0.0,1.0,0.0,0.0,true
com.puppycrawl.tools.checkstyle.MainTest:testNonExistingTargetFile,1,1,26.0,26.0,26.0,90.0,90.0,90.0,-64.0,-64.0,-64.0,0.0,0.0,0.0,0.0,1.0,0.038461538461538464,0.017241379310344827,true
com.puppycrawl.tools.checkstyle.checks.sizes.methodlength.InputMethodLengthModifier:method,1,1,3.0,3.0,3.0,0.0,0.0,0.0,3.0,3.0,3.0,0.0,0.0,0.0,0.0,1.0,0.3333333333333333,0.0,true
com.puppycrawl.tools.checkstyle.checks.coding.finallocalvariable.InputFinalLocalVariableFalsePositives:foo88,1,1,19.0,19.0,19.0,0.0,0.0,0.0,19.0,19.0,19.0,0.0,7.0,-1.0,-1.0,1.0,0.05263157894736842,0.0,true
com.puppycrawl.tools.checkstyle.checks.blocks.RightCurlyCheckTest:testInvalidOption,2,2,12.0,11.0,6.0,2.0,2.0,1.0,10.0,9.0,5.0,0.0,0.0,0.0,0.0,0.5,0.08333333333333333,0.14285714285714285,true
com.puppycrawl.tools.checkstyle.checks.coding.finallocalvariable.InputFinalLocalVariableFalsePositives:foo89,1,1,19.0,19.0,19.0,0.0,0.0,0.0,19.0,19.0,19.0,0.0,7.0,-1.0,-1.0,1.0,0.05263157894736842,0.0,true
com.puppycrawl.tools.checkstyle.checks.coding.finallocalvariable.InputFinalLocalVariableFalsePositives:foo86,1,1,19.0,19.0,19.0,0.0,0.0,0.0,19.0,19.0,19.0,0.0,7.0,-1.0,-1.0,1.0,0.05263157894736842,0.0,true
com.puppycrawl.tools.checkstyle.checks.imports.unusedimports.InputUnusedImportsFromJavaLang:main,1,1,6.0,6.0,6.0,0.0,0.0,0.0,6.0,6.0,6.0,0.0,0.0,0.0,0.0,1.0,0.16666666666666666,0.0,true
com.puppycrawl.tools.checkstyle.checks.coding.finallocalvariable.InputFinalLocalVariableFalsePositives:foo87,1,1,19.0,19.0,19.0,0.0,0.0,0.0,19.0,19.0,19.0,0.0,7.0,-1.0,-1.0,1.0,0.05263157894736842,0.0,true
com.puppycrawl.tools.checkstyle.checks.coding.MultipleStringLiteralsCheck:MultipleStringLiteralsCheck,1,1,1.0,1.0,1.0,0.0,0.0,0.0,1.0,1.0,1.0,0.0,0.0,0.0,0.0,1.0,1.0,0.0,true
com.puppycrawl.tools.checkstyle.filefilters.ExclusionBeforeExecutionFileFilterTest:testAcceptOnNullFile,2,2,8.0,7.0,4.0,0.0,0.0,0.0,8.0,7.0,4.0,0.0,1.0,0.0,0.0,0.5,0.125,0.0,true
com.puppycrawl.tools.checkstyle.checks.imports.ImportControlCheckTest:testPathRegexMatches,2,2,12.0,7.0,6.0,0.0,0.0,0.0,12.0,7.0,6.0,0.0,0.0,0.0,0.0,0.5,0.08333333333333333,0.0,true
com.puppycrawl.tools.checkstyle.checks.coding.finallocalvariable.InputFinalLocalVariableFalsePositives:foo91,1,1,18.0,18.0,18.0,0.0,0.0,0.0,18.0,18.0,18.0,0.0,3.0,-3.0,-3.0,1.0,0.05555555555555555,0.0,true
com.puppycrawl.tools.checkstyle.checks.indentation.BlockParentHandler:checkRightCurly,1,1,5.0,5.0,5.0,0.0,0.0,0.0,5.0,5.0,5.0,0.0,0.0,0.0,0.0,1.0,0.2,0.0,true
com.puppycrawl.tools.checkstyle.checks.coding.finallocalvariable.InputFinalLocalVariableFalsePositives:foo92,1,1,18.0,18.0,18.0,0.0,0.0,0.0,18.0,18.0,18.0,0.0,3.0,-3.0,-3.0,1.0,0.05555555555555555,0.0,true
com.puppycrawl.tools.checkstyle.checks.coding.finallocalvariable.InputFinalLocalVariableFalsePositives:foo90,1,1,19.0,19.0,19.0,0.0,0.0,0.0,19.0,19.0,19.0,0.0,7.0,-1.0,-1.0,1.0,0.05263157894736842,0.0,true
com.puppycrawl.tools.checkstyle.CheckerTest:testCheckerProcessCallAllNeededMethodsOfFileSets,2,1,6.0,6.0,3.0,0.0,0.0,0.0,6.0,6.0,3.0,0.0,0.0,0.0,0.0,1.0,0.16666666666666666,0.0,true
com.puppycrawl.tools.checkstyle.utils.ScopeUtilsTest:testInEnumBlockInLiteralNew,1,1,12.0,12.0,12.0,0.0,0.0,0.0,12.0,12.0,12.0,0.0,0.0,0.0,0.0,1.0,0.08333333333333333,0.0,true
com.puppycrawl.tools.checkstyle.utils.blockcommentposition.InputBlockCommentPositionOnMethod:method,1,1,4.0,4.0,4.0,0.0,0.0,0.0,4.0,4.0,4.0,0.0,0.0,0.0,0.0,1.0,0.25,0.0,true
com.puppycrawl.tools.checkstyle.checks.UncommentedMainCheck:setExcludedClasses,2,1,4.0,3.0,2.0,0.0,0.0,0.0,4.0,3.0,2.0,0.0,0.0,0.0,0.0,1.0,0.25,0.0,true
com.puppycrawl.tools.checkstyle.checks.annotation.AnnotationUseStyleCheckTest:testTrailingArrayCommaValueOf,1,1,1.0,1.0,1.0,0.0,0.0,0.0,1.0,1.0,1.0,0.0,0.0,0.0,0.0,1.0,1.0,0.0,true
com.puppycrawl.tools.checkstyle.checks.coding.FinalLocalVariableCheck:isIfTokenWithAnElseFollowing,1,1,4.0,4.0,4.0,0.0,0.0,0.0,4.0,4.0,4.0,0.0,0.0,0.0,0.0,1.0,0.25,0.0,true
com.puppycrawl.tools.checkstyle.checks.coding.finallocalvariable.InputFinalLocalVariableFalsePositives:foo15,1,1,19.0,19.0,19.0,0.0,0.0,0.0,19.0,19.0,19.0,0.0,7.0,-1.0,-1.0,1.0,0.05263157894736842,0.0,true
com.puppycrawl.tools.checkstyle.MainTest:testCustomRootModule,2,1,10.0,9.0,5.0,0.0,0.0,0.0,10.0,9.0,5.0,0.0,0.0,0.0,0.0,1.0,0.1,0.0,true
com.puppycrawl.tools.checkstyle.checks.coding.finallocalvariable.InputFinalLocalVariableFalsePositives:foo16,1,1,19.0,19.0,19.0,0.0,0.0,0.0,19.0,19.0,19.0,0.0,7.0,-1.0,-1.0,1.0,0.05263157894736842,0.0,true
com.puppycrawl.tools.checkstyle.checks.coding.finallocalvariable.InputFinalLocalVariableFalsePositives:foo13,1,1,19.0,19.0,19.0,0.0,0.0,0.0,19.0,19.0,19.0,0.0,7.0,-1.0,-1.0,1.0,0.05263157894736842,0.0,true
com.puppycrawl.tools.checkstyle.checks.sizes.InputLineLengthCheckTest:testGetAcceptableTokens,1,1,0.0,0.0,0.0,0.0,0.0,0.0,0.0,0.0,0.0,0.0,0.0,0.0,0.0,1.0,0.0,0.0,true
com.puppycrawl.tools.checkstyle.checks.coding.finallocalvariable.InputFinalLocalVariableFalsePositives:foo14,1,1,19.0,19.0,19.0,0.0,0.0,0.0,19.0,19.0,19.0,0.0,7.0,-1.0,-1.0,1.0,0.05263157894736842,0.0,true
com.puppycrawl.tools.checkstyle.checks.javadoc.InputCorrectSummaryJavaDoc:foo8,1,1,3.0,3.0,3.0,0.0,0.0,0.0,3.0,3.0,3.0,0.0,0.0,0.0,0.0,1.0,0.3333333333333333,0.0,true
com.puppycrawl.tools.checkstyle.checks.coding.finallocalvariable.InputFinalLocalVariableFalsePositives:foo19,1,1,19.0,19.0,19.0,0.0,0.0,0.0,19.0,19.0,19.0,0.0,7.0,-1.0,-1.0,1.0,0.05263157894736842,0.0,true
com.puppycrawl.tools.checkstyle.checks.coding.MultipleStringLiteralsCheck:visitToken,2,2,2.0,1.0,1.0,0.0,0.0,0.0,2.0,1.0,1.0,0.0,0.0,0.0,0.0,0.5,1.0,0.0,true
com.puppycrawl.tools.checkstyle.checks.coding.finallocalvariable.InputFinalLocalVariableFalsePositives:foo17,1,1,19.0,19.0,19.0,0.0,0.0,0.0,19.0,19.0,19.0,0.0,7.0,-1.0,-1.0,1.0,0.05263157894736842,0.0,true
com.puppycrawl.tools.checkstyle.checks.javadoc.InputCorrectSummaryJavaDoc:foo9,1,1,3.0,3.0,3.0,0.0,0.0,0.0,3.0,3.0,3.0,0.0,0.0,0.0,0.0,1.0,0.3333333333333333,0.0,true
com.puppycrawl.tools.checkstyle.checks.coding.finallocalvariable.InputFinalLocalVariableFalsePositives:foo18,1,1,19.0,19.0,19.0,0.0,0.0,0.0,19.0,19.0,19.0,0.0,7.0,-1.0,-1.0,1.0,0.05263157894736842,0.0,true
com.puppycrawl.tools.checkstyle.checks.imports.ImportControlCheck:visitToken,3,3,10.0,5.0,3.3333333333333335,2.0,2.0,0.6666666666666666,8.0,3.0,2.666666666666667,0.0,0.0,0.0,0.0,0.3333333333333333,0.2,0.3333333333333333,true
com.puppycrawl.tools.checkstyle.checks.indentation.ObjectBlockHandler:getRightCurly,1,1,9.0,9.0,9.0,0.0,0.0,0.0,9.0,9.0,9.0,0.0,1.0,0.0,0.0,1.0,0.1111111111111111,0.0,true
com.puppycrawl.tools.checkstyle.checks.indentation.IndentLevel:isGreaterThan,1,1,0.0,0.0,0.0,0.0,0.0,0.0,0.0,0.0,0.0,0.0,0.0,0.0,0.0,1.0,0.0,0.0,true
com.puppycrawl.tools.checkstyle.Checker:getExternalResourceLocations,2,2,3.0,2.0,1.5,20.0,20.0,10.0,-17.0,-18.0,-8.5,0.0,0.0,0.0,0.0,0.5,0.3333333333333333,0.08695652173913043,true
com.puppycrawl.tools.checkstyle.checks.whitespace.EmptyLineSeparatorCheck:isComment,1,1,9.0,9.0,9.0,0.0,0.0,0.0,9.0,9.0,9.0,0.0,1.0,0.0,0.0,1.0,0.1111111111111111,0.0,true
com.puppycrawl.tools.checkstyle.checks.indentation.ClassDefHandler:getRightCurly,1,1,3.0,3.0,3.0,0.0,0.0,0.0,3.0,3.0,3.0,0.0,0.0,0.0,0.0,1.0,0.3333333333333333,0.0,true
com.puppycrawl.tools.checkstyle.checks.coding.finallocalvariable.InputFinalLocalVariableFalsePositives:foo11,1,1,19.0,19.0,19.0,0.0,0.0,0.0,19.0,19.0,19.0,0.0,7.0,-1.0,-1.0,1.0,0.05263157894736842,0.0,true
com.puppycrawl.tools.checkstyle.AstTreeStringPrinterTest:testParseFileWithComments,2,2,1.0,1.0,0.5,1.0,1.0,0.5,0.0,0.0,0.0,0.0,0.0,0.0,0.0,0.5,1.0,1.0,true
com.puppycrawl.tools.checkstyle.checks.coding.finallocalvariable.InputFinalLocalVariableFalsePositives:foo12,1,1,19.0,19.0,19.0,0.0,0.0,0.0,19.0,19.0,19.0,0.0,7.0,-1.0,-1.0,1.0,0.05263157894736842,0.0,true
com.google.checkstyle.test.chapter4formatting.rule451wheretobreak.OperatorWrapTest:testOperatorWrap,2,2,9.0,9.0,4.5,0.0,0.0,0.0,9.0,9.0,4.5,0.0,0.0,0.0,0.0,0.5,0.1111111111111111,0.0,true
com.puppycrawl.tools.checkstyle.checks.coding.finallocalvariable.InputFinalLocalVariableFalsePositives:foo10,1,1,19.0,19.0,19.0,0.0,0.0,0.0,19.0,19.0,19.0,0.0,7.0,-1.0,-1.0,1.0,0.05263157894736842,0.0,true
com.puppycrawl.tools.checkstyle.checks.indentation.IndentationCheckTest:testInvalidForWithChecker,1,1,1.0,1.0,1.0,0.0,0.0,0.0,1.0,1.0,1.0,0.0,0.0,0.0,0.0,1.0,1.0,0.0,true
com.puppycrawl.tools.checkstyle.ant.CheckstyleAntTask:createRootModule,3,2,15.0,14.0,5.0,16.0,15.0,5.333333333333333,-1.0,-1.0,-0.33333333333333304,0.0,0.0,0.0,0.0,0.6666666666666666,0.06666666666666667,0.06451612903225806,true
com.puppycrawl.tools.checkstyle.checks.indentation.ObjectBlockHandler:getLeftCurly,1,1,9.0,9.0,9.0,0.0,0.0,0.0,9.0,9.0,9.0,0.0,1.0,0.0,0.0,1.0,0.1111111111111111,0.0,true
com.puppycrawl.tools.checkstyle.checks.coding.RequireThisCheck:isLambdaParameter,1,1,58.0,58.0,58.0,0.0,0.0,0.0,58.0,58.0,58.0,0.0,0.0,0.0,0.0,1.0,0.017241379310344827,0.0,true
com.puppycrawl.tools.checkstyle.CheckerTest:testXmlLoggerClosesItStreams,2,2,11.0,11.0,5.5,0.0,0.0,0.0,11.0,11.0,5.5,0.0,0.0,0.0,0.0,0.5,0.09090909090909091,0.0,true
com.puppycrawl.tools.checkstyle.Main:runCheckstyle,3,2,8.0,5.0,2.6666666666666665,0.0,0.0,0.0,8.0,5.0,2.6666666666666665,0.0,0.0,0.0,0.0,0.6666666666666666,0.125,0.0,true
com.puppycrawl.tools.checkstyle.checks.design.designforextension.InputDesignForExtensionNativeMethods:foo2,1,1,2.0,2.0,2.0,0.0,0.0,0.0,2.0,2.0,2.0,0.0,0.0,0.0,0.0,1.0,0.5,0.0,true
com.puppycrawl.tools.checkstyle.checks.design.designforextension.InputDesignForExtensionNativeMethods:foo3,1,1,2.0,2.0,2.0,0.0,0.0,0.0,2.0,2.0,2.0,0.0,0.0,0.0,0.0,1.0,0.5,0.0,true
com.puppycrawl.tools.checkstyle.checks.FinalParametersCheckTest:testReceiverParameters,1,1,5.0,5.0,5.0,0.0,0.0,0.0,5.0,5.0,5.0,0.0,0.0,0.0,0.0,1.0,0.2,0.0,true
com.puppycrawl.tools.checkstyle.checks.design.designforextension.InputDesignForExtensionNativeMethods:foo4,1,1,2.0,2.0,2.0,0.0,0.0,0.0,2.0,2.0,2.0,0.0,0.0,0.0,0.0,1.0,0.5,0.0,true
com.puppycrawl.tools.checkstyle.checks.coding.superclone.InputSuperCloneInnerAndWithArguments:clone,1,1,4.0,4.0,4.0,0.0,0.0,0.0,4.0,4.0,4.0,0.0,0.0,0.0,0.0,1.0,0.25,0.0,true
com.puppycrawl.tools.checkstyle.checks.design.designforextension.InputDesignForExtensionNativeMethods:foo5,1,1,2.0,2.0,2.0,0.0,0.0,0.0,2.0,2.0,2.0,0.0,0.0,0.0,0.0,1.0,0.5,0.0,true
com.puppycrawl.tools.checkstyle.checks.design.designforextension.InputDesignForExtensionNativeMethods:foo6,1,1,2.0,2.0,2.0,0.0,0.0,0.0,2.0,2.0,2.0,0.0,0.0,0.0,0.0,1.0,0.5,0.0,true
com.puppycrawl.tools.checkstyle.checks.design.designforextension.InputDesignForExtensionNativeMethods:foo7,1,1,2.0,2.0,2.0,0.0,0.0,0.0,2.0,2.0,2.0,0.0,0.0,0.0,0.0,1.0,0.5,0.0,true
com.puppycrawl.tools.checkstyle.checks.whitespace.whitespaceafter.InputWhitespaceAfterLiteralDo:testFor,1,1,8.0,8.0,8.0,0.0,0.0,0.0,8.0,8.0,8.0,0.0,0.0,0.0,0.0,1.0,0.125,0.0,true
com.puppycrawl.tools.checkstyle.checks.design.InnerTypeLastCheckTest:testGetAcceptableTokens,1,1,0.0,0.0,0.0,0.0,0.0,0.0,0.0,0.0,0.0,0.0,0.0,0.0,0.0,1.0,0.0,0.0,true
com.puppycrawl.tools.checkstyle.BaseCheckTestSupport:readFile,1,1,4.0,4.0,4.0,0.0,0.0,0.0,4.0,4.0,4.0,0.0,0.0,0.0,0.0,1.0,0.25,0.0,true
com.puppycrawl.tools.checkstyle.checks.coding.finallocalvariable.InputFinalLocalVariableFalsePositives:foo26,1,1,19.0,19.0,19.0,0.0,0.0,0.0,19.0,19.0,19.0,0.0,7.0,-1.0,-1.0,1.0,0.05263157894736842,0.0,true
com.puppycrawl.tools.checkstyle.checks.indentation.BlockParentHandler:getRightCurly,1,1,5.0,5.0,5.0,0.0,0.0,0.0,5.0,5.0,5.0,0.0,0.0,0.0,0.0,1.0,0.2,0.0,true
com.puppycrawl.tools.checkstyle.checks.coding.finallocalvariable.InputFinalLocalVariableFalsePositives:foo27,1,1,19.0,19.0,19.0,0.0,0.0,0.0,19.0,19.0,19.0,0.0,7.0,-1.0,-1.0,1.0,0.05263157894736842,0.0,true
com.puppycrawl.tools.checkstyle.checks.coding.finallocalvariable.InputFinalLocalVariableFalsePositives:foo24,1,1,19.0,19.0,19.0,0.0,0.0,0.0,19.0,19.0,19.0,0.0,7.0,-1.0,-1.0,1.0,0.05263157894736842,0.0,true
com.puppycrawl.tools.checkstyle.checks.coding.finallocalvariable.InputFinalLocalVariableFalsePositives:foo25,1,1,19.0,19.0,19.0,0.0,0.0,0.0,19.0,19.0,19.0,0.0,7.0,-1.0,-1.0,1.0,0.05263157894736842,0.0,true
com.puppycrawl.tools.checkstyle.checks.indentation.ArrayInitHandler:getNextFirstNonBlankOnLineAfter,1,1,0.0,0.0,0.0,0.0,0.0,0.0,0.0,0.0,0.0,0.0,0.0,0.0,0.0,1.0,0.0,0.0,true
com.puppycrawl.tools.checkstyle.checks.whitespace.NoWhitespaceAfterCheck:getRequiredTokens,1,1,3.0,3.0,3.0,0.0,0.0,0.0,3.0,3.0,3.0,0.0,0.0,0.0,0.0,1.0,0.3333333333333333,0.0,true
com.puppycrawl.tools.checkstyle.checks.coding.finallocalvariable.InputFinalLocalVariableFalsePositives:foo28,1,1,19.0,19.0,19.0,0.0,0.0,0.0,19.0,19.0,19.0,0.0,7.0,-1.0,-1.0,1.0,0.05263157894736842,0.0,true
com.puppycrawl.tools.checkstyle.utils.TokenUtilsTest:testCorrectBehaviourOfGetTokenId,1,1,6.0,6.0,6.0,0.0,0.0,0.0,6.0,6.0,6.0,0.0,0.0,0.0,0.0,1.0,0.16666666666666666,0.0,true
com.puppycrawl.tools.checkstyle.checks.coding.finallocalvariable.InputFinalLocalVariableFalsePositives:foo29,1,1,19.0,19.0,19.0,0.0,0.0,0.0,19.0,19.0,19.0,0.0,7.0,-1.0,-1.0,1.0,0.05263157894736842,0.0,true
com.puppycrawl.tools.checkstyle.checks.coding.nofinalizer.InputNoFinalizerFallThrough:method,1,1,9.0,9.0,9.0,0.0,0.0,0.0,9.0,9.0,9.0,0.0,0.0,0.0,0.0,1.0,0.1111111111111111,0.0,true
com.puppycrawl.tools.checkstyle.utils.AnnotationUtilityTest:testContainsAnnotation,1,1,9.0,9.0,9.0,0.0,0.0,0.0,9.0,9.0,9.0,0.0,0.0,0.0,0.0,1.0,0.1111111111111111,0.0,true
com.puppycrawl.tools.checkstyle.checks.coding.finallocalvariable.InputFinalLocalVariableFalsePositives:foo22,1,1,19.0,19.0,19.0,0.0,0.0,0.0,19.0,19.0,19.0,0.0,7.0,-1.0,-1.0,1.0,0.05263157894736842,0.0,true
com.puppycrawl.tools.checkstyle.checks.coding.finallocalvariable.InputFinalLocalVariableFalsePositives:foo23,1,1,19.0,19.0,19.0,0.0,0.0,0.0,19.0,19.0,19.0,0.0,7.0,-1.0,-1.0,1.0,0.05263157894736842,0.0,true
com.puppycrawl.tools.checkstyle.checks.coding.finallocalvariable.InputFinalLocalVariableFalsePositives:foo20,1,1,19.0,19.0,19.0,0.0,0.0,0.0,19.0,19.0,19.0,0.0,7.0,-1.0,-1.0,1.0,0.05263157894736842,0.0,true
com.puppycrawl.tools.checkstyle.checks.blocks.EmptyBlockCheck:setOption,1,1,0.0,0.0,0.0,1.0,1.0,1.0,-1.0,-1.0,-1.0,0.0,0.0,0.0,0.0,1.0,0.0,0.0,true
com.puppycrawl.tools.checkstyle.checks.coding.finallocalvariable.InputFinalLocalVariableFalsePositives:foo21,1,1,19.0,19.0,19.0,0.0,0.0,0.0,19.0,19.0,19.0,0.0,7.0,-1.0,-1.0,1.0,0.05263157894736842,0.0,true
com.puppycrawl.tools.checkstyle.checks.modifier.redundantmodifier.InputRedundantModifierIt:method,1,1,3.0,3.0,3.0,0.0,0.0,0.0,3.0,3.0,3.0,0.0,0.0,0.0,0.0,1.0,0.3333333333333333,0.0,true
com.puppycrawl.tools.checkstyle.api.AbstractViolationReporterTest:testGetMessageBundleWithoutPackage,1,1,1.0,1.0,1.0,0.0,0.0,0.0,1.0,1.0,1.0,0.0,0.0,0.0,0.0,1.0,1.0,0.0,true
com.puppycrawl.tools.checkstyle.gui.TreeTableModelAdapter:delayedFireTableDataChanged,1,1,1.0,1.0,1.0,1.0,1.0,1.0,0.0,0.0,0.0,0.0,0.0,0.0,0.0,1.0,1.0,1.0,true
com.puppycrawl.tools.checkstyle.api.SeverityLevelTest:testMisc,2,2,14.0,10.0,7.0,1.0,1.0,0.5,13.0,9.0,6.5,0.0,0.0,0.0,0.0,0.5,0.07142857142857142,0.13333333333333333,true
com.puppycrawl.tools.checkstyle.checks.imports.ImportControlLoaderTest:testWrongFormatUri,3,3,18.0,18.0,6.0,0.0,0.0,0.0,18.0,18.0,6.0,0.0,0.0,0.0,0.0,0.3333333333333333,0.1111111111111111,0.0,true
com.puppycrawl.tools.checkstyle.api.SeverityLevelCounterTest:testCtorException,1,1,11.0,11.0,11.0,1.0,1.0,1.0,10.0,10.0,10.0,0.0,0.0,0.0,0.0,1.0,0.09090909090909091,0.16666666666666666,true
com.puppycrawl.tools.checkstyle.checks.regexp.MultilineDetector:processLines,1,1,2.0,2.0,2.0,0.0,0.0,0.0,2.0,2.0,2.0,0.0,0.0,0.0,0.0,1.0,0.5,0.0,true
com.puppycrawl.tools.checkstyle.TestBeforeExecutionFileFilter:wasCalled,1,1,4.0,4.0,4.0,0.0,0.0,0.0,4.0,4.0,4.0,0.0,0.0,0.0,0.0,1.0,0.25,0.0,true
com.puppycrawl.tools.checkstyle.checks.sizes.MethodCountCheckTest:testWithInterfaceDefinitionInClass,1,1,6.0,6.0,6.0,0.0,0.0,0.0,6.0,6.0,6.0,0.0,0.0,0.0,0.0,1.0,0.16666666666666666,0.0,true
com.puppycrawl.tools.checkstyle.ant.CheckstyleAntTask:scanFileSets,2,2,50.0,49.0,25.0,4.0,4.0,2.0,46.0,45.0,23.0,0.0,1.0,0.0,0.0,0.5,0.02,0.037037037037037035,true
com.puppycrawl.tools.checkstyle.filters.SuppressWithNearbyCommentFilterTest:testToStringOfTagClass,1,1,0.0,0.0,0.0,0.0,0.0,0.0,0.0,0.0,0.0,0.0,0.0,0.0,0.0,1.0,0.0,0.0,true
com.puppycrawl.tools.checkstyle.ant.CheckstyleAntTaskTest:testCustomRootModule,2,2,7.0,7.0,3.5,0.0,0.0,0.0,7.0,7.0,3.5,0.0,0.0,0.0,0.0,0.5,0.14285714285714285,0.0,true
com.puppycrawl.tools.checkstyle.checks.annotation.AnnotationUseStyleCheckTest:testParensNever,1,1,6.0,6.0,6.0,0.0,0.0,0.0,6.0,6.0,6.0,0.0,0.0,0.0,0.0,1.0,0.16666666666666666,0.0,true
com.puppycrawl.tools.checkstyle.checks.modifier.RedundantModifierCheck:visitToken,2,1,28.0,15.0,14.0,12.0,12.0,6.0,16.0,3.0,8.0,0.0,2.0,0.0,0.0,1.0,0.03571428571428571,0.05,true
com.puppycrawl.tools.checkstyle.utils.ScopeUtilsTest:testisInInterfaceOrAnnotationBlock,1,1,12.0,12.0,12.0,0.0,0.0,0.0,12.0,12.0,12.0,0.0,0.0,0.0,0.0,1.0,0.08333333333333333,0.0,true
com.puppycrawl.tools.checkstyle.MainTest:testExistingTargetFilePlainOutputToNonExistingFile,1,1,26.0,26.0,26.0,90.0,90.0,90.0,-64.0,-64.0,-64.0,0.0,0.0,0.0,0.0,1.0,0.038461538461538464,0.017241379310344827,true
com.puppycrawl.tools.checkstyle.checks.coding.nofinalizer.InputNoFinalizerFallThrough:methodFallThruCCustomWords,1,1,9.0,9.0,9.0,0.0,0.0,0.0,9.0,9.0,9.0,0.0,0.0,0.0,0.0,1.0,0.1111111111111111,0.0,true
com.puppycrawl.tools.checkstyle.checks.TranslationCheck:logIoException,1,1,1.0,1.0,1.0,0.0,0.0,0.0,1.0,1.0,1.0,0.0,0.0,0.0,0.0,1.0,1.0,0.0,true
com.puppycrawl.tools.checkstyle.checks.coding.finallocalvariable.InputFinalLocalVariableFalsePositives:foo37,1,1,19.0,19.0,19.0,0.0,0.0,0.0,19.0,19.0,19.0,0.0,7.0,-1.0,-1.0,1.0,0.05263157894736842,0.0,true
com.puppycrawl.tools.checkstyle.gui.ParseTreeTablePresentationTest:testGetIndexOfChild,2,2,25.0,13.0,12.5,0.0,0.0,0.0,25.0,13.0,12.5,0.0,0.0,0.0,0.0,0.5,0.04,0.0,true
com.puppycrawl.tools.checkstyle.checks.coding.finallocalvariable.InputFinalLocalVariableFalsePositives:foo38,1,1,19.0,19.0,19.0,0.0,0.0,0.0,19.0,19.0,19.0,0.0,7.0,-1.0,-1.0,1.0,0.05263157894736842,0.0,true
com.puppycrawl.tools.checkstyle.checks.coding.finallocalvariable.InputFinalLocalVariableFalsePositives:foo35,1,1,19.0,19.0,19.0,0.0,0.0,0.0,19.0,19.0,19.0,0.0,7.0,-1.0,-1.0,1.0,0.05263157894736842,0.0,true
com.puppycrawl.tools.checkstyle.checks.coding.finallocalvariable.InputFinalLocalVariableFalsePositives:foo36,1,1,19.0,19.0,19.0,0.0,0.0,0.0,19.0,19.0,19.0,0.0,7.0,-1.0,-1.0,1.0,0.05263157894736842,0.0,true
com.puppycrawl.tools.checkstyle.TestRootModuleChecker:reset,2,2,6.0,3.0,3.0,0.0,0.0,0.0,6.0,3.0,3.0,0.0,0.0,0.0,0.0,0.5,0.3333333333333333,0.0,true
com.puppycrawl.tools.checkstyle.checks.coding.finallocalvariable.InputFinalLocalVariableFalsePositives:foo39,1,1,19.0,19.0,19.0,0.0,0.0,0.0,19.0,19.0,19.0,0.0,7.0,-1.0,-1.0,1.0,0.05263157894736842,0.0,true
com.google.checkstyle.test.chapter5naming.rule526parameternames.ParameterNameTest:privParameterNameTest,1,1,6.0,6.0,6.0,0.0,0.0,0.0,6.0,6.0,6.0,0.0,0.0,0.0,0.0,1.0,0.16666666666666666,0.0,true
com.puppycrawl.tools.checkstyle.checks.javadoc.AbstractJavadocCheck:setJavadocTokens,1,1,7.0,7.0,7.0,0.0,0.0,0.0,7.0,7.0,7.0,0.0,0.0,0.0,0.0,1.0,0.14285714285714285,0.0,true
com.puppycrawl.tools.checkstyle.checks.coding.finallocalvariable.InputFinalLocalVariableFalsePositives:foo30,1,1,19.0,19.0,19.0,0.0,0.0,0.0,19.0,19.0,19.0,0.0,7.0,-1.0,-1.0,1.0,0.05263157894736842,0.0,true
com.puppycrawl.tools.checkstyle.utils.ModuleReflectionUtilsTest:testIsProperUtilsClass,1,1,7.0,7.0,7.0,0.0,0.0,0.0,7.0,7.0,7.0,0.0,0.0,0.0,0.0,1.0,0.14285714285714285,0.0,true
com.puppycrawl.tools.checkstyle.utils.ScopeUtilsTest:testIsInAnnotationBlock,1,1,12.0,12.0,12.0,0.0,0.0,0.0,12.0,12.0,12.0,0.0,0.0,0.0,0.0,1.0,0.08333333333333333,0.0,true
com.puppycrawl.tools.checkstyle.checks.whitespace.WhitespaceAroundCheck:isEmptyLoop,1,1,0.0,0.0,0.0,0.0,0.0,0.0,0.0,0.0,0.0,0.0,0.0,0.0,0.0,1.0,0.0,0.0,true
com.puppycrawl.tools.checkstyle.checks.coding.finallocalvariable.InputFinalLocalVariableFalsePositives:foo33,1,1,19.0,19.0,19.0,0.0,0.0,0.0,19.0,19.0,19.0,0.0,7.0,-1.0,-1.0,1.0,0.05263157894736842,0.0,true
com.puppycrawl.tools.checkstyle.checks.coding.finallocalvariable.InputFinalLocalVariableFalsePositives:foo34,1,1,19.0,19.0,19.0,0.0,0.0,0.0,19.0,19.0,19.0,0.0,7.0,-1.0,-1.0,1.0,0.05263157894736842,0.0,true
com.puppycrawl.tools.checkstyle.ant.CheckstyleAntTaskTest:testXmlOutput,1,1,0.0,0.0,0.0,0.0,0.0,0.0,0.0,0.0,0.0,0.0,0.0,0.0,0.0,1.0,0.0,0.0,true
com.puppycrawl.tools.checkstyle.checks.coding.finallocalvariable.InputFinalLocalVariableFalsePositives:foo31,1,1,19.0,19.0,19.0,0.0,0.0,0.0,19.0,19.0,19.0,0.0,7.0,-1.0,-1.0,1.0,0.05263157894736842,0.0,true
com.puppycrawl.tools.checkstyle.checks.coding.finallocalvariable.InputFinalLocalVariableFalsePositives:foo32,1,1,19.0,19.0,19.0,0.0,0.0,0.0,19.0,19.0,19.0,0.0,7.0,-1.0,-1.0,1.0,0.05263157894736842,0.0,true
com.puppycrawl.tools.checkstyle.checks.annotation.MissingOverrideCheckTest:testBadOverrideFromObject,1,1,2.0,2.0,2.0,0.0,0.0,0.0,2.0,2.0,2.0,0.0,0.0,0.0,0.0,1.0,0.5,0.0,true
com.puppycrawl.tools.checkstyle.checks.whitespace.EmptyLineSeparatorCheck:hasEmptyLineBefore,2,2,5.0,4.0,2.5,0.0,0.0,0.0,5.0,4.0,2.5,0.0,0.0,0.0,0.0,0.5,0.2,0.0,true
com.puppycrawl.tools.checkstyle.api.FileContents:reportCComment,2,2,5.0,4.0,2.5,0.0,0.0,0.0,5.0,4.0,2.5,0.0,0.0,0.0,0.0,0.5,0.2,0.0,true
com.puppycrawl.tools.checkstyle.PackageNamesLoaderTest:validatePackageNames,3,3,1.0,1.0,0.3333333333333333,0.0,0.0,0.0,1.0,1.0,0.3333333333333333,0.0,0.0,0.0,0.0,0.3333333333333333,2.0,0.0,true
com.puppycrawl.tools.checkstyle.checks.sizes.OuterTypeNumberCheckTest:getPath,1,1,2.0,2.0,2.0,0.0,0.0,0.0,2.0,2.0,2.0,0.0,0.0,0.0,0.0,1.0,0.5,0.0,true
com.puppycrawl.tools.checkstyle.checks.imports.CustomImportOrderCheckTest:testDefaultConfiguration,1,1,1.0,1.0,1.0,0.0,0.0,0.0,1.0,1.0,1.0,0.0,0.0,0.0,0.0,1.0,1.0,0.0,true
com.puppycrawl.tools.checkstyle.checks.coding.finallocalvariable.InputFinalLocalVariableFalsePositives:foo48,1,1,19.0,19.0,19.0,0.0,0.0,0.0,19.0,19.0,19.0,0.0,7.0,-1.0,-1.0,1.0,0.05263157894736842,0.0,true
com.puppycrawl.tools.checkstyle.checks.coding.finallocalvariable.InputFinalLocalVariableFalsePositives:foo49,1,1,19.0,19.0,19.0,0.0,0.0,0.0,19.0,19.0,19.0,0.0,7.0,-1.0,-1.0,1.0,0.05263157894736842,0.0,true
com.puppycrawl.tools.checkstyle.checks.coding.finallocalvariable.InputFinalLocalVariableFalsePositives:foo46,1,1,19.0,19.0,19.0,0.0,0.0,0.0,19.0,19.0,19.0,0.0,7.0,-1.0,-1.0,1.0,0.05263157894736842,0.0,true
com.puppycrawl.tools.checkstyle.TreeWalkerTest:testRequiredTokenIsNotInDefaultTokens,1,1,0.0,0.0,0.0,0.0,0.0,0.0,0.0,0.0,0.0,0.0,0.0,0.0,0.0,1.0,0.0,0.0,true
com.puppycrawl.tools.checkstyle.checks.coding.finallocalvariable.InputFinalLocalVariableFalsePositives:foo47,1,1,19.0,19.0,19.0,0.0,0.0,0.0,19.0,19.0,19.0,0.0,7.0,-1.0,-1.0,1.0,0.05263157894736842,0.0,true
com.puppycrawl.tools.checkstyle.api.AbstractViolationReporterTest:testGetMessageBundleWithPackage,1,1,1.0,1.0,1.0,0.0,0.0,0.0,1.0,1.0,1.0,0.0,0.0,0.0,0.0,1.0,1.0,0.0,true
com.puppycrawl.tools.checkstyle.checks.coding.finallocalvariable.InputFinalLocalVariableFalsePositives:foo40,1,1,19.0,19.0,19.0,0.0,0.0,0.0,19.0,19.0,19.0,0.0,7.0,-1.0,-1.0,1.0,0.05263157894736842,0.0,true
com.puppycrawl.tools.checkstyle.checks.coding.finallocalvariable.InputFinalLocalVariableFalsePositives:foo41,1,1,19.0,19.0,19.0,0.0,0.0,0.0,19.0,19.0,19.0,0.0,7.0,-1.0,-1.0,1.0,0.05263157894736842,0.0,true
com.puppycrawl.tools.checkstyle.checks.imports.ImportControlLoader:getStrategyForSubpackage,2,2,10.0,9.0,5.0,0.0,0.0,0.0,10.0,9.0,5.0,0.0,1.0,0.0,0.0,0.5,0.1,0.0,true
com.puppycrawl.tools.checkstyle.CheckerTest:testMultipleConfigs,1,1,3.0,3.0,3.0,0.0,0.0,0.0,3.0,3.0,3.0,0.0,0.0,0.0,0.0,1.0,0.3333333333333333,0.0,true
com.puppycrawl.tools.checkstyle.checks.coding.finallocalvariable.InputFinalLocalVariableFalsePositives:foo45,1,1,19.0,19.0,19.0,0.0,0.0,0.0,19.0,19.0,19.0,0.0,7.0,-1.0,-1.0,1.0,0.05263157894736842,0.0,true
com.puppycrawl.tools.checkstyle.checks.coding.finallocalvariable.InputFinalLocalVariableFalsePositives:foo42,1,1,19.0,19.0,19.0,0.0,0.0,0.0,19.0,19.0,19.0,0.0,7.0,-1.0,-1.0,1.0,0.05263157894736842,0.0,true
com.puppycrawl.tools.checkstyle.checks.coding.finallocalvariable.InputFinalLocalVariableFalsePositives:foo43,1,1,19.0,19.0,19.0,0.0,0.0,0.0,19.0,19.0,19.0,0.0,7.0,-1.0,-1.0,1.0,0.05263157894736842,0.0,true
com.puppycrawl.tools.checkstyle.checks.whitespace.SeparatorWrapCheck:setOption,1,1,0.0,0.0,0.0,1.0,1.0,1.0,-1.0,-1.0,-1.0,0.0,0.0,0.0,0.0,1.0,0.0,0.0,true
com.puppycrawl.tools.checkstyle.checks.coding.MultipleVariableDeclarationsCheckTest:getPath,1,1,0.0,0.0,0.0,0.0,0.0,0.0,0.0,0.0,0.0,0.0,0.0,0.0,0.0,1.0,0.0,0.0,true
com.puppycrawl.tools.checkstyle.checks.indentation.IndentationCheckTest:testAndroidStyle,1,1,1.0,1.0,1.0,0.0,0.0,0.0,1.0,1.0,1.0,0.0,0.0,0.0,0.0,1.0,1.0,0.0,true
com.puppycrawl.tools.checkstyle.internal.AllChecksTest:testAllModulesAreReferencedInConfigFile,2,1,12.0,11.0,6.0,4.0,4.0,2.0,8.0,7.0,4.0,0.0,1.0,-1.0,-1.0,1.0,0.08333333333333333,0.125,true
com.puppycrawl.tools.checkstyle.grammars.javadoc.JavadocParseTreeTest:leadingAsterisks,2,1,0.0,0.0,0.0,5.0,5.0,2.5,-5.0,-5.0,-2.5,0.0,0.0,0.0,0.0,1.0,0.0,0.0,true
com.puppycrawl.tools.checkstyle.checks.coding.requirethis.InputRequireThisValidateOnlyOverlappingFalse:InputRequireThisValidateOnlyOverlappingFalse,1,1,10.0,10.0,10.0,0.0,0.0,0.0,10.0,10.0,10.0,0.0,1.0,0.0,0.0,1.0,0.1,0.0,true
com.google.checkstyle.test.chapter5naming.rule526parameternames.ParameterNameTest:setConfigurationBuilder,3,2,12.0,6.0,4.0,1.0,1.0,0.3333333333333333,11.0,5.0,3.6666666666666665,0.0,0.0,0.0,0.0,0.6666666666666666,0.16666666666666666,0.3076923076923077,true
com.puppycrawl.tools.checkstyle.checks.imports.ImportControlCheckTest:testTwo,1,1,5.0,5.0,5.0,0.0,0.0,0.0,5.0,5.0,5.0,0.0,0.0,0.0,0.0,1.0,0.2,0.0,true
com.puppycrawl.tools.checkstyle.utils.CommonUtils:isName,1,1,9.0,9.0,9.0,0.0,0.0,0.0,9.0,9.0,9.0,0.0,0.0,0.0,0.0,1.0,0.1111111111111111,0.0,true
com.puppycrawl.tools.checkstyle.checks.annotation.AnnotationLocationCheck:isParameterized,1,1,0.0,0.0,0.0,0.0,0.0,0.0,0.0,0.0,0.0,0.0,0.0,0.0,0.0,1.0,0.0,0.0,true
com.puppycrawl.tools.checkstyle.checks.AbstractTypeAwareCheck:resolveClass,1,1,9.0,9.0,9.0,0.0,0.0,0.0,9.0,9.0,9.0,0.0,0.0,-1.0,-1.0,1.0,0.1111111111111111,0.0,true
com.puppycrawl.tools.checkstyle.checks.whitespace.SingleSpaceSeparatorCheckTest:testSpaceErrorsAroundComments,1,1,0.0,0.0,0.0,0.0,0.0,0.0,0.0,0.0,0.0,0.0,0.0,0.0,0.0,1.0,0.0,0.0,true
com.puppycrawl.tools.checkstyle.checks.coding.ParameterAssignmentCheckTest:testDefault,1,1,0.0,0.0,0.0,0.0,0.0,0.0,0.0,0.0,0.0,0.0,0.0,0.0,0.0,1.0,0.0,0.0,true
com.puppycrawl.tools.checkstyle.checks.indentation.ObjectBlockHandler:checkRightCurly,1,1,9.0,9.0,9.0,0.0,0.0,0.0,9.0,9.0,9.0,0.0,1.0,0.0,0.0,1.0,0.1111111111111111,0.0,true
com.puppycrawl.tools.checkstyle.filters.SuppressionFilterTest:testExistingConfigWithTrueOptionalThrowsIoErrorWhileClosing,2,2,11.0,11.0,5.5,0.0,0.0,0.0,11.0,11.0,5.5,0.0,0.0,0.0,0.0,0.5,0.09090909090909091,0.0,true
com.puppycrawl.tools.checkstyle.gui.CodeSelectorPresentationTest:testDetailASTLeafSelection,2,2,7.0,7.0,3.5,0.0,0.0,0.0,7.0,7.0,3.5,0.0,0.0,0.0,0.0,0.5,0.14285714285714285,0.0,true
com.puppycrawl.tools.checkstyle.PackageObjectFactory:fillChecksFromHeaderPackage,1,1,5.0,5.0,5.0,0.0,0.0,0.0,5.0,5.0,5.0,0.0,0.0,0.0,0.0,1.0,0.2,0.0,true
com.google.checkstyle.test.chapter4formatting.rule462horizontalwhitespace.MethodParamPadTest:testOperatorWrap,2,2,18.0,9.0,9.0,0.0,0.0,0.0,18.0,9.0,9.0,0.0,0.0,0.0,0.0,0.5,0.1111111111111111,0.0,true
com.puppycrawl.tools.checkstyle.utils.ModuleReflectionUtils:isFileSetModule,1,1,4.0,4.0,4.0,0.0,0.0,0.0,4.0,4.0,4.0,0.0,0.0,0.0,0.0,1.0,0.25,0.0,true
com.google.checkstyle.test.chapter6programpractice.rule62donotignoreexceptions.Catch:bar1,1,1,9.0,9.0,9.0,0.0,0.0,0.0,9.0,9.0,9.0,0.0,1.0,0.0,0.0,1.0,0.1111111111111111,0.0,true
com.google.checkstyle.test.chapter6programpractice.rule62donotignoreexceptions.Catch:bar2,1,1,9.0,9.0,9.0,0.0,0.0,0.0,9.0,9.0,9.0,0.0,1.0,0.0,0.0,1.0,0.1111111111111111,0.0,true
com.puppycrawl.tools.checkstyle.checks.coding.fallthrough.InputFallThrough:methodFallThruLastCaseGroup,1,1,9.0,9.0,9.0,0.0,0.0,0.0,9.0,9.0,9.0,0.0,0.0,0.0,0.0,1.0,0.1111111111111111,0.0,true
com.puppycrawl.tools.checkstyle.checks.coding.packagedeclaration.InputPackageDeclarationPlain:get,1,1,2.0,2.0,2.0,0.0,0.0,0.0,2.0,2.0,2.0,0.0,0.0,0.0,0.0,1.0,0.5,0.0,true
com.puppycrawl.tools.checkstyle.MainTest:testListFilesDirectoryWithNull,1,1,8.0,8.0,8.0,0.0,0.0,0.0,8.0,8.0,8.0,0.0,0.0,0.0,0.0,1.0,0.125,0.0,true
com.puppycrawl.tools.checkstyle.api.FullIdentTest:testToString,1,1,0.0,0.0,0.0,0.0,0.0,0.0,0.0,0.0,0.0,0.0,0.0,0.0,0.0,1.0,0.0,0.0,true
com.puppycrawl.tools.checkstyle.grammars.javadoc.JavadocParseTreeTest:unclosedParagraphFollowedByJavadocTag,2,1,0.0,0.0,0.0,5.0,5.0,2.5,-5.0,-5.0,-2.5,0.0,0.0,0.0,0.0,1.0,0.0,0.0,true
com.puppycrawl.tools.checkstyle.checks.annotation.MissingOverrideCheckTest:testGoodAnnotationOverride,1,1,2.0,2.0,2.0,0.0,0.0,0.0,2.0,2.0,2.0,0.0,0.0,0.0,0.0,1.0,0.5,0.0,true
com.puppycrawl.tools.checkstyle.checks.javadoc.AbstractJavadocCheck:walk,2,2,19.0,12.0,9.5,0.0,0.0,0.0,19.0,12.0,9.5,0.0,0.0,0.0,0.0,0.5,0.05263157894736842,0.0,true
com.puppycrawl.tools.checkstyle.grammars.javadoc.JavadocParseTreeTest:testNewlineAndAsteriskInParameters,2,1,3.0,3.0,1.5,0.0,0.0,0.0,3.0,3.0,1.5,0.0,0.0,0.0,0.0,1.0,0.3333333333333333,0.0,true
com.puppycrawl.tools.checkstyle.checks.sizes.methodlength.InputMethodLengthModifier:doStuff,1,1,3.0,3.0,3.0,0.0,0.0,0.0,3.0,3.0,3.0,0.0,0.0,0.0,0.0,1.0,0.3333333333333333,0.0,true
com.puppycrawl.tools.checkstyle.grammars.javadoc.JavadocParseTreeTest:testClosedOtherTag,2,1,3.0,3.0,1.5,0.0,0.0,0.0,3.0,3.0,1.5,0.0,0.0,0.0,0.0,1.0,0.3333333333333333,0.0,true
com.puppycrawl.tools.checkstyle.MainTest:init,1,1,0.0,0.0,0.0,0.0,0.0,0.0,0.0,0.0,0.0,0.0,0.0,0.0,0.0,1.0,0.0,0.0,true
com.puppycrawl.tools.checkstyle.checks.indentation.indentation.InputIndentationLambda1:function1,1,1,0.0,0.0,0.0,0.0,0.0,0.0,0.0,0.0,0.0,0.0,0.0,0.0,0.0,1.0,0.0,0.0,true
com.puppycrawl.tools.checkstyle.utils.CommonUtils:hasWhitespaceBefore,1,1,7.0,7.0,7.0,1.0,1.0,1.0,6.0,6.0,6.0,0.0,0.0,0.0,0.0,1.0,0.14285714285714285,0.25,true
com.puppycrawl.tools.checkstyle.checks.blocks.EmptyCatchBlockCheckTest:testGetAcceptableTokens,1,1,0.0,0.0,0.0,0.0,0.0,0.0,0.0,0.0,0.0,0.0,0.0,0.0,0.0,1.0,0.0,0.0,true
com.puppycrawl.tools.checkstyle.utils.JavadocUtils:isJavadocComment,1,1,4.0,4.0,4.0,0.0,0.0,0.0,4.0,4.0,4.0,0.0,0.0,0.0,0.0,1.0,0.25,0.0,true
com.google.checkstyle.test.chapter4formatting.rule412nonemptyblocks.RightCurlyTest:rightCurlyTestAlone,2,1,18.0,15.0,9.0,1.0,1.0,0.5,17.0,14.0,8.5,0.0,0.0,0.0,0.0,1.0,0.05555555555555555,0.10526315789473684,true
com.puppycrawl.tools.checkstyle.checks.coding.finallocalvariable.InputFinalLocalVariableLeavingSlistToken:InputFinalLocalVariableLeavingSlistToken,1,1,31.0,31.0,31.0,0.0,0.0,0.0,31.0,31.0,31.0,0.0,2.0,-1.0,-1.0,1.0,0.03225806451612903,0.0,true
com.puppycrawl.tools.checkstyle.gui.MainFrameModelTest:prepareTestData,1,1,3.0,3.0,3.0,0.0,0.0,0.0,3.0,3.0,3.0,0.0,0.0,0.0,0.0,1.0,0.3333333333333333,0.0,true
com.puppycrawl.tools.checkstyle.filters.SeverityMatchFilterTest:testSeverity,1,1,2.0,2.0,2.0,0.0,0.0,0.0,2.0,2.0,2.0,0.0,0.0,0.0,0.0,1.0,0.5,0.0,true
com.puppycrawl.tools.checkstyle.PropertyCacheFileTest:testNonExistingResource,1,1,19.0,19.0,19.0,0.0,0.0,0.0,19.0,19.0,19.0,0.0,0.0,0.0,0.0,1.0,0.05263157894736842,0.0,true
com.puppycrawl.tools.checkstyle.checks.blocks.RightCurlyCheck:visitToken,3,3,143.0,100.0,47.666666666666664,81.0,48.0,27.0,62.0,52.0,20.666666666666664,0.0,3.0,0.0,0.0,0.3333333333333333,0.006993006993006993,0.008928571428571428,true
com.puppycrawl.tools.checkstyle.grammars.java8.InputLambda10:testVoidLambda,1,1,0.0,0.0,0.0,0.0,0.0,0.0,0.0,0.0,0.0,0.0,0.0,0.0,0.0,1.0,0.0,0.0,true
com.puppycrawl.tools.checkstyle.api.abstractcheck.InputAbstractCheckTestFileContence:multiplyBy,1,1,3.0,3.0,3.0,0.0,0.0,0.0,3.0,3.0,3.0,0.0,0.0,0.0,0.0,1.0,0.3333333333333333,0.0,true
com.puppycrawl.tools.checkstyle.checks.javadoc.AbstractTypeAwareCheckTest:testIsSubclassWithNulls,1,1,0.0,0.0,0.0,0.0,0.0,0.0,0.0,0.0,0.0,0.0,0.0,0.0,0.0,1.0,0.0,0.0,true
com.puppycrawl.tools.checkstyle.checks.naming.AbbreviationAsWordInNameCheckTest:testReceiver,1,1,8.0,8.0,8.0,0.0,0.0,0.0,8.0,8.0,8.0,0.0,0.0,0.0,0.0,1.0,0.125,0.0,true
com.puppycrawl.tools.checkstyle.checks.javadoc.JavadocMethodCheck:isInThrows,1,1,2.0,2.0,2.0,1.0,1.0,1.0,1.0,1.0,1.0,0.0,0.0,0.0,0.0,1.0,0.5,0.6666666666666666,true
com.puppycrawl.tools.checkstyle.gui.MainFrameModelTest:testOpenFileWithParseModeJavaWithComments,1,1,3.0,3.0,3.0,0.0,0.0,0.0,3.0,3.0,3.0,0.0,0.0,0.0,0.0,1.0,0.3333333333333333,0.0,true
com.puppycrawl.tools.checkstyle.checks.indentation.IndentationCheckTest:testLambda2,1,1,1.0,1.0,1.0,0.0,0.0,0.0,1.0,1.0,1.0,0.0,0.0,0.0,0.0,1.0,1.0,0.0,true
com.puppycrawl.tools.checkstyle.checks.coding.IllegalTypeCheck:isContainVerifiableType,1,1,1.0,1.0,1.0,0.0,0.0,0.0,1.0,1.0,1.0,0.0,0.0,0.0,0.0,1.0,1.0,0.0,true
com.puppycrawl.tools.checkstyle.checks.metrics.ClassFanOutComplexityCheckTest:testGetAcceptableTokens,1,1,7.0,7.0,7.0,0.0,0.0,0.0,7.0,7.0,7.0,0.0,0.0,0.0,0.0,1.0,0.14285714285714285,0.0,true
com.puppycrawl.tools.checkstyle.checks.indentation.IndentationCheckTest:testLambda1,1,1,1.0,1.0,1.0,0.0,0.0,0.0,1.0,1.0,1.0,0.0,0.0,0.0,0.0,1.0,1.0,0.0,true
com.puppycrawl.tools.checkstyle.Checker:setHaltOnException,2,2,4.0,4.0,2.0,0.0,0.0,0.0,4.0,4.0,2.0,0.0,0.0,0.0,0.0,0.5,0.25,0.0,true
com.puppycrawl.tools.checkstyle.checks.indentation.indentation.LocalCache:defaultEquivalence,1,1,0.0,0.0,0.0,0.0,0.0,0.0,0.0,0.0,0.0,0.0,0.0,0.0,0.0,1.0,0.0,0.0,true
com.puppycrawl.tools.checkstyle.checks.ClassResolverTest:testIsLoadableWithNoClassDefFoundError,1,1,6.0,6.0,6.0,0.0,0.0,0.0,6.0,6.0,6.0,0.0,0.0,0.0,0.0,1.0,0.16666666666666666,0.0,true
com.puppycrawl.tools.checkstyle.utils.ScopeUtilsTest:testIsLocalVariableDefCatch,1,1,12.0,12.0,12.0,0.0,0.0,0.0,12.0,12.0,12.0,0.0,0.0,0.0,0.0,1.0,0.08333333333333333,0.0,true
com.puppycrawl.tools.checkstyle.checks.design.designforextension.InputDesignForExtensionIgnoredAnnotations:foo1,1,1,3.0,3.0,3.0,0.0,0.0,0.0,3.0,3.0,3.0,0.0,0.0,0.0,0.0,1.0,0.3333333333333333,0.0,true
com.puppycrawl.tools.checkstyle.checks.design.designforextension.InputDesignForExtensionIgnoredAnnotations:foo2,1,1,3.0,3.0,3.0,0.0,0.0,0.0,3.0,3.0,3.0,0.0,0.0,0.0,0.0,1.0,0.3333333333333333,0.0,true
com.puppycrawl.tools.checkstyle.checks.whitespace.whitespaceafter.InputWhitespaceAfterLiteralElse:testWhile,1,1,8.0,8.0,8.0,0.0,0.0,0.0,8.0,8.0,8.0,0.0,0.0,0.0,0.0,1.0,0.125,0.0,true
com.puppycrawl.tools.checkstyle.checks.whitespace.EmptyLineSeparatorCheck:isCommentNodesRequired,1,1,9.0,9.0,9.0,0.0,0.0,0.0,9.0,9.0,9.0,0.0,1.0,0.0,0.0,1.0,0.1111111111111111,0.0,true
com.puppycrawl.tools.checkstyle.checks.coding.ModifiedControlVariableCheck:getForIteratorVariables,2,2,1.0,1.0,0.5,7.0,7.0,3.5,-6.0,-6.0,-3.0,0.0,1.0,0.0,0.0,0.5,1.0,0.25,true
com.puppycrawl.tools.checkstyle.grammars.javadoc.JavadocParseTreeTest:listWithUnclosedItemInUnclosedParagraph,2,1,0.0,0.0,0.0,5.0,5.0,2.5,-5.0,-5.0,-2.5,0.0,0.0,0.0,0.0,1.0,0.0,0.0,true
com.puppycrawl.tools.checkstyle.gui.ParseTreeTablePresentationTest:testCommentChildCount,2,2,23.0,13.0,11.5,0.0,0.0,0.0,23.0,13.0,11.5,0.0,0.0,0.0,0.0,0.5,0.043478260869565216,0.0,true
com.puppycrawl.tools.checkstyle.checks.sizes.InputLineLengthCheckTest:getNonCompilablePath,1,1,2.0,2.0,2.0,0.0,0.0,0.0,2.0,2.0,2.0,0.0,0.0,0.0,0.0,1.0,0.5,0.0,true
com.puppycrawl.tools.checkstyle.checks.blocks.LeftCurlyCheckTest:getPath,1,1,2.0,2.0,2.0,0.0,0.0,0.0,2.0,2.0,2.0,0.0,0.0,0.0,0.0,1.0,0.5,0.0,true
com.puppycrawl.tools.checkstyle.checks.blocks.LeftCurlyCheckTest:testMissingBraces,1,1,2.0,2.0,2.0,0.0,0.0,0.0,2.0,2.0,2.0,0.0,0.0,0.0,0.0,1.0,0.5,0.0,true
com.puppycrawl.tools.checkstyle.checks.coding.OneStatementPerLineCheckTest:testMultiCaseClass,1,1,0.0,0.0,0.0,0.0,0.0,0.0,0.0,0.0,0.0,0.0,0.0,0.0,0.0,1.0,0.0,0.0,true
com.puppycrawl.tools.checkstyle.checks.naming.classtypeparametername.InputClassTypeParameterName:foo,1,1,2.0,2.0,2.0,0.0,0.0,0.0,2.0,2.0,2.0,0.0,0.0,0.0,0.0,1.0,0.5,0.0,true
com.puppycrawl.tools.checkstyle.checks.javadoc.JavadocTagContinuationIndentationCheck:visitJavadocToken,2,2,2.0,2.0,1.0,0.0,0.0,0.0,2.0,2.0,1.0,0.0,0.0,0.0,0.0,0.5,0.5,0.0,true
com.puppycrawl.tools.checkstyle.checks.design.InnerTypeLastCheckTest:getPath,1,1,1.0,1.0,1.0,0.0,0.0,0.0,1.0,1.0,1.0,0.0,0.0,0.0,0.0,1.0,1.0,0.0,true
com.puppycrawl.tools.checkstyle.utils.JavadocUtilsTest:testGetTokenNameForInvalidId,1,1,29.0,29.0,29.0,1.0,1.0,1.0,28.0,28.0,28.0,0.0,0.0,0.0,0.0,1.0,0.034482758620689655,0.06666666666666667,true
com.puppycrawl.tools.checkstyle.checks.naming.AbbreviationAsWordInNameCheckTest:testTypeAndVariablesAndMethodNamesWithNoIgnores,2,2,18.0,10.0,9.0,0.0,0.0,0.0,18.0,10.0,9.0,0.0,0.0,0.0,0.0,0.5,0.05555555555555555,0.0,true
com.puppycrawl.tools.checkstyle.TestRootModuleChecker:getFilesToCheck,1,1,3.0,3.0,3.0,0.0,0.0,0.0,3.0,3.0,3.0,0.0,0.0,0.0,0.0,1.0,0.3333333333333333,0.0,true
com.google.checkstyle.test.chapter4formatting.rule43onestatement.OneStatementPerLineTest:testOneStatement,1,1,8.0,8.0,8.0,0.0,0.0,0.0,8.0,8.0,8.0,0.0,0.0,0.0,0.0,1.0,0.125,0.0,true
com.puppycrawl.tools.checkstyle.checks.whitespace.whitespaceafter.InputWhitespaceAfterLiteralElse:condition,1,1,8.0,8.0,8.0,0.0,0.0,0.0,8.0,8.0,8.0,0.0,0.0,0.0,0.0,1.0,0.125,0.0,true
com.puppycrawl.tools.checkstyle.api.LineColumn:compareTo,1,1,4.0,4.0,4.0,0.0,0.0,0.0,4.0,4.0,4.0,0.0,0.0,0.0,0.0,1.0,0.25,0.0,true
com.puppycrawl.tools.checkstyle.api.LocalizedMessage:getCustomMessage,1,1,5.0,5.0,5.0,2.0,2.0,2.0,3.0,3.0,3.0,0.0,0.0,0.0,0.0,1.0,0.2,0.2857142857142857,true
com.puppycrawl.tools.checkstyle.checks.imports.CustomImportOrderCheckTest:testNonSpecifiedImports,1,1,1.0,1.0,1.0,0.0,0.0,0.0,1.0,1.0,1.0,0.0,0.0,0.0,0.0,1.0,1.0,0.0,true
com.puppycrawl.tools.checkstyle.checks.imports.CustomImportOrderCheckTest:testThirdPartyAndSpecialImports,2,1,0.0,0.0,0.0,0.0,0.0,0.0,0.0,0.0,0.0,0.0,0.0,0.0,0.0,1.0,0.0,0.0,true
com.google.checkstyle.test.chapter4formatting.rule4843defaultcasepresent.MissingSwitchDefaultTest:testMissingSwitchDefault,1,1,8.0,8.0,8.0,0.0,0.0,0.0,8.0,8.0,8.0,0.0,0.0,0.0,0.0,1.0,0.125,0.0,true
com.puppycrawl.tools.checkstyle.checks.sizes.methodlength.InputMethodLengthModifier:someMethod,1,1,3.0,3.0,3.0,0.0,0.0,0.0,3.0,3.0,3.0,0.0,0.0,0.0,0.0,1.0,0.3333333333333333,0.0,true
com.puppycrawl.tools.checkstyle.checks.naming.AbbreviationAsWordInNameCheckTest:testTypeNamesForZeroPermittedCapitalLetter,2,2,18.0,10.0,9.0,0.0,0.0,0.0,18.0,10.0,9.0,0.0,0.0,0.0,0.0,0.5,0.05555555555555555,0.0,true
com.puppycrawl.tools.checkstyle.MainTest:testExistingTargetFilePlainOutputToFile,1,1,26.0,26.0,26.0,90.0,90.0,90.0,-64.0,-64.0,-64.0,0.0,0.0,0.0,0.0,1.0,0.038461538461538464,0.017241379310344827,true
com.puppycrawl.tools.checkstyle.checks.naming.AbbreviationAsWordInNameCheckTest:testTypeAndVariablesAndMethodNames,2,2,18.0,10.0,9.0,0.0,0.0,0.0,18.0,10.0,9.0,0.0,0.0,0.0,0.0,0.5,0.05555555555555555,0.0,true
com.puppycrawl.tools.checkstyle.checks.metrics.ClassDataAbstractionCouplingCheckTest:testRegularExpression,1,1,8.0,8.0,8.0,0.0,0.0,0.0,8.0,8.0,8.0,0.0,0.0,0.0,0.0,1.0,0.125,0.0,true
com.puppycrawl.tools.checkstyle.filters.SuppressionsLoaderTest:testNoSuppressions,1,1,1.0,1.0,1.0,0.0,0.0,0.0,1.0,1.0,1.0,0.0,0.0,0.0,0.0,1.0,1.0,0.0,true
com.puppycrawl.tools.checkstyle.api.abstractcheck.InputAbstractCheckTestFileContence:setVariable,1,1,3.0,3.0,3.0,0.0,0.0,0.0,3.0,3.0,3.0,0.0,0.0,0.0,0.0,1.0,0.3333333333333333,0.0,true
com.puppycrawl.tools.checkstyle.checks.blocks.LeftCurlyCheckTest:testNewline3,2,2,7.0,5.0,3.5,0.0,0.0,0.0,7.0,5.0,3.5,0.0,0.0,0.0,0.0,0.5,0.14285714285714285,0.0,true
com.google.checkstyle.test.chapter4formatting.rule451wheretobreak.InputSeparatorWrapMethodRef:badCase,1,1,4.0,4.0,4.0,0.0,0.0,0.0,4.0,4.0,4.0,0.0,0.0,0.0,0.0,1.0,0.25,0.0,true
com.puppycrawl.tools.checkstyle.checks.blocks.LeftCurlyCheckTest:testNewline2,1,1,5.0,5.0,5.0,0.0,0.0,0.0,5.0,5.0,5.0,0.0,0.0,0.0,0.0,1.0,0.2,0.0,true
com.puppycrawl.tools.checkstyle.gui.CodeSelectorPresentation:getSelectionEnd,1,1,0.0,0.0,0.0,0.0,0.0,0.0,0.0,0.0,0.0,0.0,0.0,0.0,0.0,1.0,0.0,0.0,true
com.puppycrawl.tools.checkstyle.checks.coding.FinalLocalVariableCheck:determineAssignmentConditions,1,1,11.0,11.0,11.0,0.0,0.0,0.0,11.0,11.0,11.0,0.0,2.0,-1.0,-1.0,1.0,0.09090909090909091,0.0,true
com.puppycrawl.tools.checkstyle.checks.annotation.annotationlocation.InputAnnotationLocationCustomAnnotationsDeclared:method2,1,1,2.0,2.0,2.0,0.0,0.0,0.0,2.0,2.0,2.0,0.0,0.0,0.0,0.0,1.0,0.5,0.0,true
com.puppycrawl.tools.checkstyle.checks.metrics.ClassFanOutComplexityCheckTest:testExcludedPackagesDirectPackages,1,1,7.0,7.0,7.0,0.0,0.0,0.0,7.0,7.0,7.0,0.0,0.0,0.0,0.0,1.0,0.14285714285714285,0.0,true
com.puppycrawl.tools.checkstyle.checks.annotation.AnnotationUseStyleCheckTest:testClosingParensValueOf,1,1,1.0,1.0,1.0,0.0,0.0,0.0,1.0,1.0,1.0,0.0,0.0,0.0,0.0,1.0,1.0,0.0,true
com.puppycrawl.tools.checkstyle.internal.XdocsPagesTest:validateStyleModules,1,1,34.0,34.0,34.0,0.0,0.0,0.0,34.0,34.0,34.0,0.0,3.0,-1.0,-1.0,1.0,0.029411764705882353,0.0,true
com.puppycrawl.tools.checkstyle.utils.CommonUtilsTest:testIsBlankWithEmptyString,1,1,3.0,3.0,3.0,0.0,0.0,0.0,3.0,3.0,3.0,0.0,0.0,0.0,0.0,1.0,0.3333333333333333,0.0,true
com.puppycrawl.tools.checkstyle.checks.imports.ImportControlCheck:getImportText,1,1,5.0,5.0,5.0,0.0,0.0,0.0,5.0,5.0,5.0,0.0,0.0,0.0,0.0,1.0,0.2,0.0,true
com.puppycrawl.tools.checkstyle.checks.design.MutableExceptionCheck:setFormat,2,1,2.0,1.0,1.0,0.0,0.0,0.0,2.0,1.0,1.0,0.0,0.0,0.0,0.0,1.0,1.0,0.0,true
com.puppycrawl.tools.checkstyle.checks.whitespace.InputWhitespaceAfter:testIfElse,1,1,8.0,8.0,8.0,0.0,0.0,0.0,8.0,8.0,8.0,0.0,0.0,0.0,0.0,1.0,0.125,0.0,true
com.puppycrawl.tools.checkstyle.checks.imports.unusedimports.InputUnusedImportsBug:InputUnusedImportsBug,1,1,3.0,3.0,3.0,0.0,0.0,0.0,3.0,3.0,3.0,0.0,0.0,0.0,0.0,1.0,0.3333333333333333,0.0,true
com.puppycrawl.tools.checkstyle.checks.indentation.IndentationCheckTest:testArrays,1,1,1.0,1.0,1.0,0.0,0.0,0.0,1.0,1.0,1.0,0.0,0.0,0.0,0.0,1.0,1.0,0.0,true
com.puppycrawl.tools.checkstyle.checks.naming.AbstractClassNameCheck:setFormat,2,1,3.0,3.0,1.5,1.0,1.0,0.5,2.0,2.0,1.0,0.0,0.0,0.0,0.0,1.0,0.3333333333333333,0.5,true
com.puppycrawl.tools.checkstyle.filters.SuppressWithNearbyCommentFilter:matchesTag,1,1,8.0,8.0,8.0,1.0,1.0,1.0,7.0,7.0,7.0,0.0,0.0,0.0,0.0,1.0,0.125,0.2222222222222222,true
com.puppycrawl.tools.checkstyle.checks.coding.nofinalizer.InputNoFinalizerFallThrough:nestedSwitches,1,1,9.0,9.0,9.0,0.0,0.0,0.0,9.0,9.0,9.0,0.0,0.0,0.0,0.0,1.0,0.1111111111111111,0.0,true
com.puppycrawl.tools.checkstyle.checks.javadoc.WriteTagCheckTest:verify,2,2,1.0,1.0,0.5,0.0,0.0,0.0,1.0,1.0,0.5,0.0,0.0,0.0,0.0,0.5,1.0,0.0,true
com.puppycrawl.tools.checkstyle.grammars.javadoc.JavadocParseTreeTest:authorWithMailto,2,1,0.0,0.0,0.0,5.0,5.0,2.5,-5.0,-5.0,-2.5,0.0,0.0,0.0,0.0,1.0,0.0,0.0,true
com.puppycrawl.tools.checkstyle.checks.sizes.InputLineLengthCheckTest:testSimple,1,1,2.0,2.0,2.0,0.0,0.0,0.0,2.0,2.0,2.0,0.0,0.0,0.0,0.0,1.0,0.5,0.0,true
com.puppycrawl.tools.checkstyle.internal.CheckUtil:isValidCheckstyleClass,1,1,10.0,10.0,10.0,3.0,3.0,3.0,7.0,7.0,7.0,0.0,0.0,0.0,0.0,1.0,0.1,0.15384615384615385,true
com.puppycrawl.tools.checkstyle.checks.coding.requirethis.InputRequireThisMetodReferences:InputRequireThisMetodReferences,1,1,3.0,3.0,3.0,0.0,0.0,0.0,3.0,3.0,3.0,0.0,0.0,0.0,0.0,1.0,0.3333333333333333,0.0,true
com.puppycrawl.tools.checkstyle.checks.coding.DefaultComesLastCheckTest:testDefaultMethodsInJava8,2,2,6.0,6.0,3.0,0.0,0.0,0.0,6.0,6.0,3.0,0.0,0.0,0.0,0.0,0.5,0.16666666666666666,0.0,true
com.puppycrawl.tools.checkstyle.checks.javadoc.AbstractTypeAwareCheckTest:testClassAliasToString,1,1,0.0,0.0,0.0,0.0,0.0,0.0,0.0,0.0,0.0,0.0,0.0,0.0,0.0,1.0,0.0,0.0,true
com.puppycrawl.tools.checkstyle.gui.ParseTreeTableModel:ParseTreeTableModel,2,2,1.0,1.0,0.5,0.0,0.0,0.0,1.0,1.0,0.5,0.0,0.0,0.0,0.0,0.5,1.0,0.0,true
com.puppycrawl.tools.checkstyle.checks.indentation.ArrayInitHandler:getRightCurly,1,1,1.0,1.0,1.0,0.0,0.0,0.0,1.0,1.0,1.0,0.0,0.0,0.0,0.0,1.0,1.0,0.0,true
com.puppycrawl.tools.checkstyle.checks.AbstractDeclarationCollector:beginTree,1,1,2.0,2.0,2.0,0.0,0.0,0.0,2.0,2.0,2.0,0.0,0.0,0.0,0.0,1.0,0.5,0.0,true
com.puppycrawl.tools.checkstyle.checks.sizes.LineLengthCheck:setIgnorePattern,1,1,2.0,2.0,2.0,2.0,2.0,2.0,0.0,0.0,0.0,0.0,0.0,0.0,0.0,1.0,0.5,0.5,true
com.puppycrawl.tools.checkstyle.checks.javadoc.AbstractJavadocCheckTest:testNumberFormatException,1,1,0.0,0.0,0.0,0.0,0.0,0.0,0.0,0.0,0.0,0.0,0.0,0.0,0.0,1.0,0.0,0.0,true
com.puppycrawl.tools.checkstyle.checks.imports.ImportOrderCheckTest:testInvalidOption,2,2,21.0,21.0,10.5,3.0,3.0,1.5,18.0,18.0,9.0,0.0,0.0,0.0,0.0,0.5,0.047619047619047616,0.08333333333333333,true
com.puppycrawl.tools.checkstyle.checks.design.DesignForExtensionCheck:canBeOverridden,1,1,5.0,5.0,5.0,0.0,0.0,0.0,5.0,5.0,5.0,0.0,0.0,0.0,0.0,1.0,0.2,0.0,true
com.puppycrawl.tools.checkstyle.PackageObjectFactory:fillChecksFromAnnotationPackage,1,1,5.0,5.0,5.0,0.0,0.0,0.0,5.0,5.0,5.0,0.0,0.0,0.0,0.0,1.0,0.2,0.0,true
com.puppycrawl.tools.checkstyle.grammars.java8.InputLambda5:doSomething,1,1,0.0,0.0,0.0,0.0,0.0,0.0,0.0,0.0,0.0,0.0,0.0,0.0,0.0,1.0,0.0,0.0,true
com.puppycrawl.tools.checkstyle.checks.blocks.rightcurly.InputRightCurlyTryResource:test,2,2,35.0,31.0,17.5,0.0,0.0,0.0,35.0,31.0,17.5,0.0,0.0,0.0,0.0,0.5,0.02857142857142857,0.0,true
com.puppycrawl.tools.checkstyle.checks.coding.RequireThisCheck:canAssignValueToClassField,1,1,32.0,32.0,32.0,27.0,27.0,27.0,5.0,5.0,5.0,0.0,2.0,0.0,0.0,1.0,0.03125,0.03389830508474576,true
com.puppycrawl.tools.checkstyle.checks.design.MutableExceptionCheck:isNamedAsException,1,1,1.0,1.0,1.0,0.0,0.0,0.0,1.0,1.0,1.0,0.0,0.0,0.0,0.0,1.0,1.0,0.0,true
com.puppycrawl.tools.checkstyle.grammars.java8.LambdaTest:testWithMultilineBody,1,1,5.0,5.0,5.0,0.0,0.0,0.0,5.0,5.0,5.0,0.0,0.0,0.0,0.0,1.0,0.2,0.0,true
com.puppycrawl.tools.checkstyle.TestRootModuleChecker:destroy,1,1,2.0,2.0,2.0,0.0,0.0,0.0,2.0,2.0,2.0,0.0,0.0,0.0,0.0,1.0,0.5,0.0,true
com.puppycrawl.tools.checkstyle.checks.coding.NestedForDepthCheckTest:getPath,1,1,0.0,0.0,0.0,0.0,0.0,0.0,0.0,0.0,0.0,0.0,0.0,0.0,0.0,1.0,0.0,0.0,true
com.puppycrawl.tools.checkstyle.internal.XmlUtil:getRawXml,1,1,4.0,4.0,4.0,0.0,0.0,0.0,4.0,4.0,4.0,0.0,0.0,0.0,0.0,1.0,0.25,0.0,true
com.puppycrawl.tools.checkstyle.ant.CheckstyleAntTask:retrieveAllScannedFiles,1,1,49.0,49.0,49.0,4.0,4.0,4.0,45.0,45.0,45.0,0.0,1.0,0.0,0.0,1.0,0.02040816326530612,0.03773584905660377,true
com.puppycrawl.tools.checkstyle.PackageObjectFactory:fillChecksFromSizesPackage,1,1,5.0,5.0,5.0,0.0,0.0,0.0,5.0,5.0,5.0,0.0,0.0,0.0,0.0,1.0,0.2,0.0,true
com.puppycrawl.tools.checkstyle.CheckerTest:testSetupChildListener,2,2,0.0,0.0,0.0,0.0,0.0,0.0,0.0,0.0,0.0,0.0,0.0,0.0,0.0,0.5,0.0,0.0,true
com.puppycrawl.tools.checkstyle.checks.indentation.indentation.InputIndentationAnonymousClasses:InputIndentationAnonymousClasses,1,1,2.0,2.0,2.0,0.0,0.0,0.0,2.0,2.0,2.0,0.0,0.0,0.0,0.0,1.0,0.5,0.0,true
com.puppycrawl.tools.checkstyle.checks.coding.equalshashcode.InputEqualsHashCodeNoEquals:hashCode,1,1,3.0,3.0,3.0,0.0,0.0,0.0,3.0,3.0,3.0,0.0,0.0,0.0,0.0,1.0,0.3333333333333333,0.0,true
com.puppycrawl.tools.checkstyle.checks.coding.RequireThisCheckTest:testMethodsOnly,1,1,0.0,0.0,0.0,0.0,0.0,0.0,0.0,0.0,0.0,0.0,0.0,0.0,0.0,1.0,0.0,0.0,true
com.puppycrawl.tools.checkstyle.checks.indentation.IndentationCheckTest:testStrictCondition,1,1,1.0,1.0,1.0,0.0,0.0,0.0,1.0,1.0,1.0,0.0,0.0,0.0,0.0,1.0,1.0,0.0,true
com.puppycrawl.tools.checkstyle.CheckerTest:testSetupChildExceptions,2,2,0.0,0.0,0.0,0.0,0.0,0.0,0.0,0.0,0.0,0.0,0.0,0.0,0.0,0.5,0.0,0.0,true
com.puppycrawl.tools.checkstyle.checks.whitespace.whitespacearound.InputWhitespaceAroundDoWhile:doWhileTest,1,1,7.0,7.0,7.0,0.0,0.0,0.0,7.0,7.0,7.0,0.0,0.0,0.0,0.0,1.0,0.14285714285714285,0.0,true
com.puppycrawl.tools.checkstyle.checks.coding.ParameterAssignmentCheckTest:getPath,1,1,0.0,0.0,0.0,0.0,0.0,0.0,0.0,0.0,0.0,0.0,0.0,0.0,0.0,1.0,0.0,0.0,true
com.puppycrawl.tools.checkstyle.AstTreeStringPrinter:parseAndPrintJavadocTree,2,1,4.0,3.0,2.0,0.0,0.0,0.0,4.0,3.0,2.0,0.0,0.0,0.0,0.0,1.0,0.25,0.0,true
com.puppycrawl.tools.checkstyle.checks.imports.CustomImportOrderCheck:getFirstDomainsFromIdent,2,2,0.0,0.0,0.0,0.0,0.0,0.0,0.0,0.0,0.0,0.0,0.0,0.0,0.0,0.5,0.0,0.0,true
com.puppycrawl.tools.checkstyle.checks.FileContentsHolderTest:testGetContents,1,1,3.0,3.0,3.0,0.0,0.0,0.0,3.0,3.0,3.0,0.0,0.0,0.0,0.0,1.0,0.3333333333333333,0.0,true
com.puppycrawl.tools.checkstyle.checks.naming.AbbreviationAsWordInNameCheckTest:testTypeNamesForThreePermittedCapitalLetters,2,2,18.0,10.0,9.0,0.0,0.0,0.0,18.0,10.0,9.0,0.0,0.0,0.0,0.0,0.5,0.05555555555555555,0.0,true
com.puppycrawl.tools.checkstyle.checks.modifier.RedundantModifierCheck:isAnnotatedWithSafeVarargs,1,1,0.0,0.0,0.0,0.0,0.0,0.0,0.0,0.0,0.0,0.0,0.0,0.0,0.0,1.0,0.0,0.0,true
com.puppycrawl.tools.checkstyle.checks.indentation.IndentationCheckTest:testThrowsIndentationLevel,1,1,1.0,1.0,1.0,0.0,0.0,0.0,1.0,1.0,1.0,0.0,0.0,0.0,0.0,1.0,1.0,0.0,true
com.puppycrawl.tools.checkstyle.CheckerTest:testNoModuleFactory,1,1,0.0,0.0,0.0,0.0,0.0,0.0,0.0,0.0,0.0,0.0,0.0,0.0,0.0,1.0,0.0,0.0,true
com.puppycrawl.tools.checkstyle.checks.indentation.SwitchHandler:getRightCurly,1,1,3.0,3.0,3.0,0.0,0.0,0.0,3.0,3.0,3.0,0.0,0.0,0.0,0.0,1.0,0.3333333333333333,0.0,true
com.puppycrawl.tools.checkstyle.checks.header.RegexpHeaderCheckTest:testIgnoreLinesSorted,2,2,21.0,12.0,10.5,0.0,0.0,0.0,21.0,12.0,10.5,0.0,0.0,0.0,0.0,0.5,0.047619047619047616,0.0,true
com.puppycrawl.tools.checkstyle.checks.whitespace.InputWhitespaceAfter:testWhile,1,1,8.0,8.0,8.0,0.0,0.0,0.0,8.0,8.0,8.0,0.0,0.0,0.0,0.0,1.0,0.125,0.0,true
com.puppycrawl.tools.checkstyle.checks.indentation.IndentationCheckTest:testMembers,1,1,1.0,1.0,1.0,0.0,0.0,0.0,1.0,1.0,1.0,0.0,0.0,0.0,0.0,1.0,1.0,0.0,true
com.puppycrawl.tools.checkstyle.api.DetailAST:setNextSibling,2,2,23.0,13.0,11.5,0.0,0.0,0.0,23.0,13.0,11.5,0.0,0.0,0.0,0.0,0.5,0.043478260869565216,0.0,true
com.puppycrawl.tools.checkstyle.checks.blocks.RightCurlyCheckTest:testTryWithResourceAloneSingle,2,2,5.0,5.0,2.5,0.0,0.0,0.0,5.0,5.0,2.5,0.0,0.0,0.0,0.0,0.5,0.2,0.0,true
com.puppycrawl.tools.checkstyle.checks.sizes.AnonInnerLengthCheckTest:testGetAcceptableTokens,1,1,0.0,0.0,0.0,0.0,0.0,0.0,0.0,0.0,0.0,0.0,0.0,0.0,0.0,1.0,0.0,0.0,true
com.puppycrawl.tools.checkstyle.MainTest:testExistingTargetFilePlainOutput,1,1,26.0,26.0,26.0,90.0,90.0,90.0,-64.0,-64.0,-64.0,0.0,0.0,0.0,0.0,1.0,0.038461538461538464,0.017241379310344827,true
com.puppycrawl.tools.checkstyle.JavadocDetailNodeParser:parseJavadocAsDetailNode,2,2,16.0,15.0,8.0,0.0,0.0,0.0,16.0,15.0,8.0,0.0,0.0,0.0,0.0,0.5,0.0625,0.0,true
com.puppycrawl.tools.checkstyle.grammars.javadoc.JavadocParseTreeTest:oneSimpleHtmlTag,2,1,0.0,0.0,0.0,5.0,5.0,2.5,-5.0,-5.0,-2.5,0.0,0.0,0.0,0.0,1.0,0.0,0.0,true
com.puppycrawl.tools.checkstyle.checks.javadoc.JavadocTagContinuationIndentationCheck:isInlineDescription,1,1,4.0,4.0,4.0,0.0,0.0,0.0,4.0,4.0,4.0,0.0,0.0,0.0,0.0,1.0,0.25,0.0,true
com.puppycrawl.tools.checkstyle.checks.SuppressWarningsHolderTest:testSetAliasListEmpty,1,1,0.0,0.0,0.0,0.0,0.0,0.0,0.0,0.0,0.0,0.0,0.0,0.0,0.0,1.0,0.0,0.0,true
com.puppycrawl.tools.checkstyle.checks.javadoc.SummaryJavadocCheck:visitJavadocToken,1,1,27.0,27.0,27.0,0.0,0.0,0.0,27.0,27.0,27.0,0.0,6.0,-3.0,-3.0,1.0,0.037037037037037035,0.0,true
com.puppycrawl.tools.checkstyle.grammars.javadoc.JavadocParseTreeTest:unclosedAndClosedParagraphs,2,1,0.0,0.0,0.0,5.0,5.0,2.5,-5.0,-5.0,-2.5,0.0,0.0,0.0,0.0,1.0,0.0,0.0,true
com.puppycrawl.tools.checkstyle.checks.metrics.AbstractClassCouplingCheck:setExcludedClasses,1,1,0.0,0.0,0.0,0.0,0.0,0.0,0.0,0.0,0.0,0.0,0.0,0.0,0.0,1.0,0.0,0.0,true
com.puppycrawl.tools.checkstyle.XMLLoggerTest:getOutStreamLines,2,2,1.0,1.0,0.5,0.0,0.0,0.0,1.0,1.0,0.5,0.0,0.0,0.0,0.0,0.5,1.0,0.0,true
com.puppycrawl.tools.checkstyle.internal.CheckUtil:isFilterModule,1,1,10.0,10.0,10.0,3.0,3.0,3.0,7.0,7.0,7.0,0.0,0.0,0.0,0.0,1.0,0.1,0.15384615384615385,true
com.puppycrawl.tools.checkstyle.checks.coding.FallThroughCheck:setReliefPattern,1,1,1.0,1.0,1.0,7.0,7.0,7.0,-6.0,-6.0,-6.0,0.0,0.0,0.0,0.0,1.0,1.0,0.25,true
com.puppycrawl.tools.checkstyle.checks.coding.IllegalThrowsCheckTest:getPath,1,1,0.0,0.0,0.0,0.0,0.0,0.0,0.0,0.0,0.0,0.0,0.0,0.0,0.0,1.0,0.0,0.0,true
com.puppycrawl.tools.checkstyle.gui.CodeSelectorPresentationTest:testDetailNodeLeafSelection,3,2,9.0,7.0,3.0,0.0,0.0,0.0,9.0,7.0,3.0,0.0,0.0,0.0,0.0,0.6666666666666666,0.1111111111111111,0.0,true
com.google.checkstyle.test.chapter4formatting.rule462horizontalwhitespace.ParenPadTest:getPath,1,1,3.0,3.0,3.0,0.0,0.0,0.0,3.0,3.0,3.0,0.0,0.0,0.0,0.0,1.0,0.3333333333333333,0.0,true
com.puppycrawl.tools.checkstyle.MainTest:testPrintTreeOnMoreThanOneFile,1,1,26.0,26.0,26.0,90.0,90.0,90.0,-64.0,-64.0,-64.0,0.0,0.0,0.0,0.0,1.0,0.038461538461538464,0.017241379310344827,true
com.puppycrawl.tools.checkstyle.internal.CommitValidationTest:getCommitsByCounter,1,1,0.0,0.0,0.0,0.0,0.0,0.0,0.0,0.0,0.0,0.0,0.0,0.0,0.0,1.0,0.0,0.0,true
com.puppycrawl.tools.checkstyle.checks.indentation.indentation.InputIndentationValidTryIndent:method,1,1,0.0,0.0,0.0,0.0,0.0,0.0,0.0,0.0,0.0,0.0,0.0,0.0,0.0,1.0,0.0,0.0,true
com.google.checkstyle.test.chapter6programpractice.rule62donotignoreexceptions.EmptyBlockTest:testEmptyBlockCatch,1,1,7.0,7.0,7.0,0.0,0.0,0.0,7.0,7.0,7.0,0.0,0.0,0.0,0.0,1.0,0.14285714285714285,0.0,true
com.google.checkstyle.test.chapter4formatting.rule451wheretobreak.InputOperatorWrap:test,1,1,0.0,0.0,0.0,0.0,0.0,0.0,0.0,0.0,0.0,0.0,0.0,0.0,0.0,1.0,0.0,0.0,true
com.puppycrawl.tools.checkstyle.checks.metrics.NPathComplexityCheckTest:testGetRequiredTokens,2,1,3.0,3.0,1.5,0.0,0.0,0.0,3.0,3.0,1.5,0.0,0.0,0.0,0.0,1.0,0.3333333333333333,0.0,true
com.puppycrawl.tools.checkstyle.checks.design.MutableExceptionCheck:setExtendedClassNameFormat,1,1,1.0,1.0,1.0,0.0,0.0,0.0,1.0,1.0,1.0,0.0,0.0,0.0,0.0,1.0,1.0,0.0,true
com.puppycrawl.tools.checkstyle.utils.ScopeUtilsTest:testIsOuterMostTypeAnnotation,1,1,12.0,12.0,12.0,0.0,0.0,0.0,12.0,12.0,12.0,0.0,0.0,0.0,0.0,1.0,0.08333333333333333,0.0,true
com.puppycrawl.tools.checkstyle.checks.indentation.IndentationCheckTest:testInvalidBlockWithChecker,1,1,1.0,1.0,1.0,0.0,0.0,0.0,1.0,1.0,1.0,0.0,0.0,0.0,0.0,1.0,1.0,0.0,true
com.puppycrawl.tools.checkstyle.checks.design.DesignForExtensionCheck:getNearestClassOrEnumDefinition,1,1,5.0,5.0,5.0,0.0,0.0,0.0,5.0,5.0,5.0,0.0,0.0,0.0,0.0,1.0,0.2,0.0,true
com.puppycrawl.tools.checkstyle.checks.annotation.PackageAnnotationCheckTest:getNonCompilablePath,1,1,0.0,0.0,0.0,0.0,0.0,0.0,0.0,0.0,0.0,0.0,0.0,0.0,0.0,1.0,0.0,0.0,true
com.puppycrawl.tools.checkstyle.checks.OuterTypeFilenameCheck:visitToken,1,1,1.0,1.0,1.0,1.0,1.0,1.0,0.0,0.0,0.0,0.0,0.0,0.0,0.0,1.0,1.0,1.0,true
com.puppycrawl.tools.checkstyle.checks.imports.ImportControl:createPatternForExactMatch,1,1,11.0,11.0,11.0,0.0,0.0,0.0,11.0,11.0,11.0,0.0,1.0,-1.0,-1.0,1.0,0.09090909090909091,0.0,true
com.google.checkstyle.test.chapter4formatting.rule485annotations.InputAnnotationLocation:InputAnnotationLocation,1,1,2.0,2.0,2.0,0.0,0.0,0.0,2.0,2.0,2.0,0.0,0.0,0.0,0.0,1.0,0.5,0.0,true
com.puppycrawl.tools.checkstyle.checks.imports.ImportControlCheckTest:getResourcePath,2,2,11.0,6.0,5.5,0.0,0.0,0.0,11.0,6.0,5.5,0.0,0.0,0.0,0.0,0.5,0.09090909090909091,0.0,true
com.puppycrawl.tools.checkstyle.checks.imports.UnusedImportsCheckTest:testImportsFromJavaLang,2,2,6.0,5.0,3.0,0.0,0.0,0.0,6.0,5.0,3.0,0.0,0.0,0.0,0.0,0.5,0.16666666666666666,0.0,true
com.puppycrawl.tools.checkstyle.checks.imports.ImportControlCheckTest:testPathRegexDoesntMatchPartially,2,2,12.0,7.0,6.0,0.0,0.0,0.0,12.0,7.0,6.0,0.0,0.0,0.0,0.0,0.5,0.08333333333333333,0.0,true
com.puppycrawl.tools.checkstyle.checks.imports.CustomImportOrderCheckTest:testOrderRuleWithOneGroup,1,1,1.0,1.0,1.0,0.0,0.0,0.0,1.0,1.0,1.0,0.0,0.0,0.0,0.0,1.0,1.0,0.0,true
com.puppycrawl.tools.checkstyle.checks.imports.CustomImportOrderCheck:setThirdPartyPackageRegExp,1,1,2.0,2.0,2.0,0.0,0.0,0.0,2.0,2.0,2.0,0.0,0.0,0.0,0.0,1.0,0.5,0.0,true
com.puppycrawl.tools.checkstyle.api.FileContents:getCComments,1,1,4.0,4.0,4.0,0.0,0.0,0.0,4.0,4.0,4.0,0.0,0.0,0.0,0.0,1.0,0.25,0.0,true
com.puppycrawl.tools.checkstyle.checks.metrics.NPathComplexityCheck:leaveConditional,1,1,66.0,66.0,66.0,8.0,8.0,8.0,58.0,58.0,58.0,0.0,0.0,0.0,0.0,1.0,0.015151515151515152,0.02702702702702703,true
com.puppycrawl.tools.checkstyle.checks.coding.requirethis.InputRequireThisAllowLocalVars:getS1,1,1,6.0,6.0,6.0,0.0,0.0,0.0,6.0,6.0,6.0,0.0,0.0,0.0,0.0,1.0,0.16666666666666666,0.0,true
com.puppycrawl.tools.checkstyle.checks.coding.requirethis.InputRequireThisAllowLocalVars:getS2,1,1,6.0,6.0,6.0,0.0,0.0,0.0,6.0,6.0,6.0,0.0,0.0,0.0,0.0,1.0,0.16666666666666666,0.0,true
com.puppycrawl.tools.checkstyle.grammars.javadoc.JavadocParseTreeTest:testLeadingAsterisksExtended,3,1,6.0,6.0,2.0,5.0,5.0,1.6666666666666667,1.0,1.0,0.33333333333333326,0.0,0.0,0.0,0.0,1.0,0.3333333333333333,0.36363636363636365,true
com.puppycrawl.tools.checkstyle.checks.whitespace.EmptyLineSeparatorCheck:processPackage,1,1,9.0,9.0,9.0,0.0,0.0,0.0,9.0,9.0,9.0,0.0,1.0,0.0,0.0,1.0,0.1111111111111111,0.0,true
com.puppycrawl.tools.checkstyle.checks.indentation.indentation.InputIndentationValidMethodIndent:InputIndentationValidMethodIndent,1,1,2.0,2.0,2.0,0.0,0.0,0.0,2.0,2.0,2.0,0.0,0.0,0.0,0.0,1.0,0.5,0.0,true
com.puppycrawl.tools.checkstyle.checks.imports.ClassImportRuleTest:testClassImportRuleRegexpSimple,2,2,34.0,23.0,17.0,0.0,0.0,0.0,34.0,23.0,17.0,0.0,0.0,0.0,0.0,0.5,0.029411764705882353,0.0,true
com.google.checkstyle.test.base.BaseIndentationCheckSupport:getLineStart,1,1,4.0,4.0,4.0,0.0,0.0,0.0,4.0,4.0,4.0,0.0,0.0,0.0,0.0,1.0,0.25,0.0,true
com.puppycrawl.tools.checkstyle.utils.ModuleReflectionUtilsTest:testIsFileFilterModule,2,2,10.0,7.0,5.0,2.0,2.0,1.0,8.0,5.0,4.0,0.0,0.0,0.0,0.0,0.5,0.1,0.16666666666666666,true
com.puppycrawl.tools.checkstyle.checks.TranslationCheck:setRequiredTranslations,1,1,1.0,1.0,1.0,0.0,0.0,0.0,1.0,1.0,1.0,0.0,0.0,0.0,0.0,1.0,1.0,0.0,true
com.puppycrawl.tools.checkstyle.checks.design.FinalClassCheckTest:testGetAcceptableTokens,1,1,0.0,0.0,0.0,0.0,0.0,0.0,0.0,0.0,0.0,0.0,0.0,0.0,0.0,1.0,0.0,0.0,true
com.puppycrawl.tools.checkstyle.checks.coding.RequireThisCheckTest:testDefaultSwitch,1,1,3.0,3.0,3.0,0.0,0.0,0.0,3.0,3.0,3.0,0.0,0.0,0.0,0.0,1.0,0.3333333333333333,0.0,true
com.puppycrawl.tools.checkstyle.checks.indentation.SynchronizedHandler:isMethodModifier,1,1,0.0,0.0,0.0,0.0,0.0,0.0,0.0,0.0,0.0,0.0,0.0,0.0,0.0,1.0,0.0,0.0,true
com.puppycrawl.tools.checkstyle.checks.TrailingCommentCheckTest:testCallVisitToken,1,1,0.0,0.0,0.0,0.0,0.0,0.0,0.0,0.0,0.0,0.0,0.0,0.0,0.0,1.0,0.0,0.0,true
com.puppycrawl.tools.checkstyle.internal.ConfigurationUtil:ConfigurationUtil,1,1,9.0,9.0,9.0,0.0,0.0,0.0,9.0,9.0,9.0,0.0,1.0,0.0,0.0,1.0,0.1111111111111111,0.0,true
com.puppycrawl.tools.checkstyle.checks.whitespace.ParenPadCheck:visitTokenWithOptionalParentheses,1,1,2.0,2.0,2.0,0.0,0.0,0.0,2.0,2.0,2.0,0.0,0.0,0.0,0.0,1.0,0.5,0.0,true
com.puppycrawl.tools.checkstyle.checks.indentation.indentation.InputIndentationSynchronizedMethod:calculate,1,1,0.0,0.0,0.0,0.0,0.0,0.0,0.0,0.0,0.0,0.0,0.0,0.0,0.0,1.0,0.0,0.0,true
com.google.checkstyle.test.chapter5naming.rule526parameternames.ParameterNameTest:pubParameterNameTest,1,1,6.0,6.0,6.0,0.0,0.0,0.0,6.0,6.0,6.0,0.0,0.0,0.0,0.0,1.0,0.16666666666666666,0.0,true
com.puppycrawl.tools.checkstyle.checks.design.InnerTypeLastCheckTest:testMembersBeforeInner,1,1,1.0,1.0,1.0,0.0,0.0,0.0,1.0,1.0,1.0,0.0,0.0,0.0,0.0,1.0,1.0,0.0,true
com.puppycrawl.tools.checkstyle.ant.CheckstyleAntTask:processFiles,3,3,64.0,49.0,21.333333333333332,20.0,15.0,6.666666666666667,44.0,34.0,14.666666666666664,0.0,1.0,0.0,0.0,0.3333333333333333,0.015625,0.023809523809523808,true
com.puppycrawl.tools.checkstyle.checks.imports.ImportControl:ensureSelfContainedRegex,2,2,12.0,11.0,6.0,0.0,0.0,0.0,12.0,11.0,6.0,0.0,1.0,-1.0,-1.0,0.5,0.08333333333333333,0.0,true
com.puppycrawl.tools.checkstyle.checks.indentation.IndentationCheckTest:testInvalidDoWhileWithChecker,1,1,1.0,1.0,1.0,0.0,0.0,0.0,1.0,1.0,1.0,0.0,0.0,0.0,0.0,1.0,1.0,0.0,true
com.puppycrawl.tools.checkstyle.checks.coding.packagedeclaration.subpackage.InputPackageDeclarationDiffDirectoryAtSubpackage:get,1,1,2.0,2.0,2.0,0.0,0.0,0.0,2.0,2.0,2.0,0.0,0.0,0.0,0.0,1.0,0.5,0.0,true
com.puppycrawl.tools.checkstyle.ConfigurationLoader:replaceProperties,1,1,2.0,2.0,2.0,0.0,0.0,0.0,2.0,2.0,2.0,0.0,0.0,0.0,0.0,1.0,0.5,0.0,true
com.puppycrawl.tools.checkstyle.gui.CodeSelectorPresentationTest:testDetailNodeSelection,3,2,8.0,7.0,2.6666666666666665,0.0,0.0,0.0,8.0,7.0,2.6666666666666665,0.0,0.0,0.0,0.0,0.6666666666666666,0.125,0.0,true
com.puppycrawl.tools.checkstyle.checks.sizes.MethodLengthCheckTest:testGetAcceptableTokens,1,1,0.0,0.0,0.0,0.0,0.0,0.0,0.0,0.0,0.0,0.0,0.0,0.0,0.0,1.0,0.0,0.0,true
com.google.checkstyle.test.chapter4formatting.rule412nonemptyblocks.InputRightCurlyDoWhile:foo2,1,1,9.0,9.0,9.0,0.0,0.0,0.0,9.0,9.0,9.0,0.0,0.0,0.0,0.0,1.0,0.1111111111111111,0.0,true
com.puppycrawl.tools.checkstyle.checks.blocks.needbraces.InputNeedBracesEmptyDefault:main,1,1,5.0,5.0,5.0,0.0,0.0,0.0,5.0,5.0,5.0,0.0,0.0,0.0,0.0,1.0,0.2,0.0,true
com.google.checkstyle.test.chapter4formatting.rule412nonemptyblocks.InputRightCurlyDoWhile:foo4,1,1,9.0,9.0,9.0,0.0,0.0,0.0,9.0,9.0,9.0,0.0,0.0,0.0,0.0,1.0,0.1111111111111111,0.0,true
com.puppycrawl.tools.checkstyle.CheckerTest:testAddListener,1,1,5.0,5.0,5.0,0.0,0.0,0.0,5.0,5.0,5.0,0.0,0.0,0.0,0.0,1.0,0.2,0.0,true
com.google.checkstyle.test.chapter4formatting.rule412nonemptyblocks.InputRightCurlyDoWhile:foo3,1,1,9.0,9.0,9.0,0.0,0.0,0.0,9.0,9.0,9.0,0.0,0.0,0.0,0.0,1.0,0.1111111111111111,0.0,true
com.puppycrawl.tools.checkstyle.checks.imports.UnusedImportsCheckTest:getPath,1,1,1.0,1.0,1.0,0.0,0.0,0.0,1.0,1.0,1.0,0.0,0.0,0.0,0.0,1.0,1.0,0.0,true
com.puppycrawl.tools.checkstyle.checks.imports.AbstractImportRule:isLocalOnly,2,2,13.0,13.0,6.5,0.0,0.0,0.0,13.0,13.0,6.5,0.0,2.0,-1.0,-1.0,0.5,0.07692307692307693,0.0,true
com.puppycrawl.tools.checkstyle.checks.indentation.IndentationCheckTest:testAnnotationDefinition,1,1,1.0,1.0,1.0,0.0,0.0,0.0,1.0,1.0,1.0,0.0,0.0,0.0,0.0,1.0,1.0,0.0,true
com.puppycrawl.tools.checkstyle.AstTreeStringPrinter:escapeAllControlChars,1,1,0.0,0.0,0.0,0.0,0.0,0.0,0.0,0.0,0.0,0.0,0.0,0.0,0.0,1.0,0.0,0.0,true
com.puppycrawl.tools.checkstyle.CheckerTest:testCacheAndCheckWhichDoesNotImplementExternalResourceHolderInterface,2,2,28.0,28.0,14.0,50.0,50.0,25.0,-22.0,-22.0,-11.0,0.0,0.0,0.0,0.0,0.5,0.03571428571428571,0.02564102564102564,true
com.puppycrawl.tools.checkstyle.gui.ParseTreeTableModel:setParseMode,1,1,4.0,4.0,4.0,0.0,0.0,0.0,4.0,4.0,4.0,0.0,0.0,0.0,0.0,1.0,0.25,0.0,true
com.puppycrawl.tools.checkstyle.checks.whitespace.WhitespaceAroundCheck:shouldCheckSeparationFromNextToken,1,1,0.0,0.0,0.0,0.0,0.0,0.0,0.0,0.0,0.0,0.0,0.0,0.0,0.0,1.0,0.0,0.0,true
com.puppycrawl.tools.checkstyle.checks.coding.nofinalizer.InputNoFinalizerFallThrough:methodFallThruC,1,1,9.0,9.0,9.0,0.0,0.0,0.0,9.0,9.0,9.0,0.0,0.0,0.0,0.0,1.0,0.1111111111111111,0.0,true
com.puppycrawl.tools.checkstyle.checks.coding.VariableDeclarationUsageDistanceCheck:getDistToVariableUsageInChildNode,1,1,38.0,38.0,38.0,34.0,34.0,34.0,4.0,4.0,4.0,0.0,2.0,2.0,2.0,1.0,0.02631578947368421,0.027777777777777776,true
com.puppycrawl.tools.checkstyle.checks.imports.ImportControlCheckTest:testNull,1,1,0.0,0.0,0.0,0.0,0.0,0.0,0.0,0.0,0.0,0.0,0.0,0.0,0.0,1.0,0.0,0.0,true
com.puppycrawl.tools.checkstyle.ant.CheckstyleAntTaskTest:testDefaultFlawless,1,1,10.0,10.0,10.0,0.0,0.0,0.0,10.0,10.0,10.0,0.0,0.0,0.0,0.0,1.0,0.1,0.0,true
com.puppycrawl.tools.checkstyle.checks.modifier.modifierorder.InputModifierOrderIt:someMethod,1,1,3.0,3.0,3.0,0.0,0.0,0.0,3.0,3.0,3.0,0.0,0.0,0.0,0.0,1.0,0.3333333333333333,0.0,true
com.puppycrawl.tools.checkstyle.Main:isDirectoryExcluded,1,1,81.0,81.0,81.0,3.0,3.0,3.0,78.0,78.0,78.0,0.0,1.0,0.0,0.0,1.0,0.012345679012345678,0.023809523809523808,true
com.puppycrawl.tools.checkstyle.utils.CommonUtilsTest:testIsNameEmptyPart,1,1,3.0,3.0,3.0,0.0,0.0,0.0,3.0,3.0,3.0,0.0,0.0,0.0,0.0,1.0,0.3333333333333333,0.0,true
com.puppycrawl.tools.checkstyle.checks.coding.requirethis.InputRequireThisStatic:foo52,1,1,3.0,3.0,3.0,0.0,0.0,0.0,3.0,3.0,3.0,0.0,0.0,0.0,0.0,1.0,0.3333333333333333,0.0,true
com.puppycrawl.tools.checkstyle.checks.coding.requirethis.InputRequireThisStatic:foo50,1,1,3.0,3.0,3.0,0.0,0.0,0.0,3.0,3.0,3.0,0.0,0.0,0.0,0.0,1.0,0.3333333333333333,0.0,true
com.puppycrawl.tools.checkstyle.checks.indentation.IndentationCheckTest:testInputAnnotationScopeIndentationCheck,2,2,10.0,9.0,5.0,0.0,0.0,0.0,10.0,9.0,5.0,0.0,0.0,0.0,0.0,0.5,0.1,0.0,true
com.puppycrawl.tools.checkstyle.checks.naming.parametername.InputAccessModifier:v4,1,1,2.0,2.0,2.0,0.0,0.0,0.0,2.0,2.0,2.0,0.0,0.0,0.0,0.0,1.0,0.5,0.0,true
com.puppycrawl.tools.checkstyle.checks.naming.parametername.InputAccessModifier:v3,1,1,2.0,2.0,2.0,0.0,0.0,0.0,2.0,2.0,2.0,0.0,0.0,0.0,0.0,1.0,0.5,0.0,true
com.google.checkstyle.test.chapter4formatting.rule4841indentation.IndentationTest:testCorrect,1,1,7.0,7.0,7.0,0.0,0.0,0.0,7.0,7.0,7.0,0.0,0.0,0.0,0.0,1.0,0.14285714285714285,0.0,true
com.puppycrawl.tools.checkstyle.checks.naming.parametername.InputAccessModifier:v2,1,1,2.0,2.0,2.0,0.0,0.0,0.0,2.0,2.0,2.0,0.0,0.0,0.0,0.0,1.0,0.5,0.0,true
com.puppycrawl.tools.checkstyle.checks.naming.parametername.InputAccessModifier:v1,1,1,2.0,2.0,2.0,0.0,0.0,0.0,2.0,2.0,2.0,0.0,0.0,0.0,0.0,1.0,0.5,0.0,true
com.puppycrawl.tools.checkstyle.PackageObjectFactory:fillChecksFromJavadocPackage,1,1,5.0,5.0,5.0,0.0,0.0,0.0,5.0,5.0,5.0,0.0,0.0,0.0,0.0,1.0,0.2,0.0,true
com.puppycrawl.tools.checkstyle.checks.imports.RedundantImportCheck:visitToken,1,1,0.0,0.0,0.0,24.0,24.0,24.0,-24.0,-24.0,-24.0,0.0,2.0,0.0,0.0,1.0,0.0,0.0,true
com.puppycrawl.tools.checkstyle.checks.naming.parametername.InputParameterNameCatchOnly:foo,1,1,3.0,3.0,3.0,0.0,0.0,0.0,3.0,3.0,3.0,0.0,0.0,0.0,0.0,1.0,0.3333333333333333,0.0,true
com.puppycrawl.tools.checkstyle.checks.whitespace.parenpad.InputParenPadWithSpaceAndDisabledLambda:someMethod,1,1,2.0,2.0,2.0,0.0,0.0,0.0,2.0,2.0,2.0,0.0,0.0,0.0,0.0,1.0,0.5,0.0,true
com.google.checkstyle.test.chapter2filebasic.rule231filetab.FileTabCharacterTest:testFileTab,2,2,8.0,7.0,4.0,1.0,1.0,0.5,7.0,6.0,3.5,0.0,0.0,0.0,0.0,0.5,0.125,0.2222222222222222,true
com.puppycrawl.tools.checkstyle.checks.TranslationCheckTest:testLogIoExceptionFileNotFound,1,1,2.0,2.0,2.0,0.0,0.0,0.0,2.0,2.0,2.0,0.0,0.0,0.0,0.0,1.0,0.5,0.0,true
com.puppycrawl.tools.checkstyle.checks.indentation.IndentationCheckTest:testValidLabel,1,1,1.0,1.0,1.0,0.0,0.0,0.0,1.0,1.0,1.0,0.0,0.0,0.0,0.0,1.0,1.0,0.0,true
com.puppycrawl.tools.checkstyle.checks.coding.UnnecessaryParenthesesCheckTest:test15Extensions,1,1,0.0,0.0,0.0,0.0,0.0,0.0,0.0,0.0,0.0,0.0,0.0,0.0,0.0,1.0,0.0,0.0,true
com.puppycrawl.tools.checkstyle.checks.metrics.NPathComplexityCheck:visitToken,1,1,66.0,66.0,66.0,8.0,8.0,8.0,58.0,58.0,58.0,0.0,0.0,0.0,0.0,1.0,0.015151515151515152,0.02702702702702703,true
com.puppycrawl.tools.checkstyle.checks.coding.RequireThisCheckTest:testGithubIssue41,1,1,0.0,0.0,0.0,0.0,0.0,0.0,0.0,0.0,0.0,0.0,0.0,0.0,0.0,1.0,0.0,0.0,true
com.puppycrawl.tools.checkstyle.checks.imports.ImportControlCheckTest:testGetAcceptableTokens,1,1,3.0,3.0,3.0,0.0,0.0,0.0,3.0,3.0,3.0,0.0,0.0,0.0,0.0,1.0,0.3333333333333333,0.0,true
com.puppycrawl.tools.checkstyle.checks.indentation.PrimordialHandler:getSuggestedChildIndent,1,1,1.0,1.0,1.0,0.0,0.0,0.0,1.0,1.0,1.0,0.0,0.0,0.0,0.0,1.0,1.0,0.0,true
com.google.checkstyle.test.chapter4formatting.rule44columnlimit.LineLengthTest:testLineLength,1,1,7.0,7.0,7.0,0.0,0.0,0.0,7.0,7.0,7.0,0.0,0.0,0.0,0.0,1.0,0.14285714285714285,0.0,true
com.puppycrawl.tools.checkstyle.checks.imports.CustomImportOrderCheckTest:testGetAcceptableTokens,1,1,0.0,0.0,0.0,0.0,0.0,0.0,0.0,0.0,0.0,0.0,0.0,0.0,0.0,1.0,0.0,0.0,true
com.puppycrawl.tools.checkstyle.checks.blocks.EmptyCatchBlockCheckTest:getPath,1,1,0.0,0.0,0.0,0.0,0.0,0.0,0.0,0.0,0.0,0.0,0.0,0.0,0.0,1.0,0.0,0.0,true
com.puppycrawl.tools.checkstyle.checks.metrics.AbstractClassCouplingCheck:AbstractClassCouplingCheck,1,1,5.0,5.0,5.0,0.0,0.0,0.0,5.0,5.0,5.0,0.0,0.0,0.0,0.0,1.0,0.2,0.0,true
com.puppycrawl.tools.checkstyle.checks.TranslationCheckTest:testBaseNameOption,1,1,0.0,0.0,0.0,0.0,0.0,0.0,0.0,0.0,0.0,0.0,0.0,0.0,0.0,1.0,0.0,0.0,true
com.puppycrawl.tools.checkstyle.api.AbstractFileSetCheckTest:testSetExtentionThrowsExceptionWhenTheyAreNull,1,1,10.0,10.0,10.0,0.0,0.0,0.0,10.0,10.0,10.0,0.0,0.0,0.0,0.0,1.0,0.1,0.0,true
com.puppycrawl.tools.checkstyle.utils.ScopeUtilsTest:testInEnumBlockInInterface,1,1,12.0,12.0,12.0,0.0,0.0,0.0,12.0,12.0,12.0,0.0,0.0,0.0,0.0,1.0,0.08333333333333333,0.0,true
com.puppycrawl.tools.checkstyle.api.LocalizedMessage:setLocale,2,1,2.0,1.0,1.0,0.0,0.0,0.0,2.0,1.0,1.0,0.0,0.0,0.0,0.0,1.0,1.0,0.0,true
com.puppycrawl.tools.checkstyle.checks.regexp.RegexpMultilineCheckTest:testNullFormat,1,1,5.0,5.0,5.0,0.0,0.0,0.0,5.0,5.0,5.0,0.0,0.0,0.0,0.0,1.0,0.2,0.0,true
com.puppycrawl.tools.checkstyle.utils.CheckUtilsTest:testIsEqualsMethod,1,1,21.0,21.0,21.0,0.0,0.0,0.0,21.0,21.0,21.0,0.0,0.0,0.0,0.0,1.0,0.047619047619047616,0.0,true
com.puppycrawl.tools.checkstyle.BaseCheckTestSupport:getUriString,1,1,0.0,0.0,0.0,0.0,0.0,0.0,0.0,0.0,0.0,0.0,0.0,0.0,0.0,1.0,0.0,0.0,true
com.puppycrawl.tools.checkstyle.checks.imports.ImportControlRegExpInPkgTest:testUnknownPkg,2,2,10.0,7.0,5.0,0.0,0.0,0.0,10.0,7.0,5.0,0.0,0.0,0.0,0.0,0.5,0.1,0.0,true
com.puppycrawl.tools.checkstyle.checks.indentation.IndentationCheckTest:testValidDotWithChecker,1,1,1.0,1.0,1.0,0.0,0.0,0.0,1.0,1.0,1.0,0.0,0.0,0.0,0.0,1.0,1.0,0.0,true
com.puppycrawl.tools.checkstyle.checks.coding.PackageDeclarationCheck:setMatchDirectoryStructure,1,1,19.0,19.0,19.0,0.0,0.0,0.0,19.0,19.0,19.0,0.0,2.0,0.0,0.0,1.0,0.05263157894736842,0.0,true
com.puppycrawl.tools.checkstyle.checks.javadoc.JavadocMethodCheck:getParameters,2,2,7.0,6.0,3.5,1.0,1.0,0.5,6.0,5.0,3.0,0.0,1.0,0.0,0.0,0.5,0.14285714285714285,0.25,true
com.puppycrawl.tools.checkstyle.checks.design.FinalClassCheck:getSuperClassName,1,1,1.0,1.0,1.0,0.0,0.0,0.0,1.0,1.0,1.0,0.0,0.0,0.0,0.0,1.0,1.0,0.0,false
com.puppycrawl.tools.checkstyle.checks.javadoc.JavadocMethodCheck:matchesSkipRegex,1,1,13.0,13.0,13.0,4.0,4.0,4.0,9.0,9.0,9.0,0.0,0.0,-1.0,-1.0,1.0,0.07692307692307693,0.11764705882352941,true
com.puppycrawl.tools.checkstyle.checks.annotation.annotationlocation.InputAnnotationLocationCorrect:InputAnnotationLocationCorrect,1,1,2.0,2.0,2.0,0.0,0.0,0.0,2.0,2.0,2.0,0.0,0.0,0.0,0.0,1.0,0.5,0.0,true
com.puppycrawl.tools.checkstyle.checks.whitespace.parenpad.InputParenPadLambda:someMethod,1,1,2.0,2.0,2.0,0.0,0.0,0.0,2.0,2.0,2.0,0.0,0.0,0.0,0.0,1.0,0.5,0.0,true
com.puppycrawl.tools.checkstyle.CheckerTest:testAddBeforeExecutionFileFilter,2,2,12.0,6.0,6.0,0.0,0.0,0.0,12.0,6.0,6.0,0.0,0.0,0.0,0.0,0.5,0.16666666666666666,0.0,true
com.puppycrawl.tools.checkstyle.checks.whitespace.InputWhitespaceAfter:condition,1,1,8.0,8.0,8.0,0.0,0.0,0.0,8.0,8.0,8.0,0.0,0.0,0.0,0.0,1.0,0.125,0.0,true
com.puppycrawl.tools.checkstyle.main.InputJavaNCSS:itemStateChanged,1,1,17.0,17.0,17.0,0.0,0.0,0.0,17.0,17.0,17.0,0.0,0.0,0.0,0.0,1.0,0.058823529411764705,0.0,true
com.google.checkstyle.test.chapter5naming.rule525nonconstantfieldnames.MemberNameTest:testSimple,1,1,6.0,6.0,6.0,0.0,0.0,0.0,6.0,6.0,6.0,0.0,0.0,0.0,0.0,1.0,0.16666666666666666,0.0,true
com.puppycrawl.tools.checkstyle.checks.modifier.RedundantModifierCheck:checkForRedundantModifier,1,1,15.0,15.0,15.0,12.0,12.0,12.0,3.0,3.0,3.0,0.0,1.0,0.0,0.0,1.0,0.06666666666666667,0.07407407407407407,true
com.puppycrawl.tools.checkstyle.checks.indentation.IndentationCheckTest:testSwitchCustom,1,1,1.0,1.0,1.0,0.0,0.0,0.0,1.0,1.0,1.0,0.0,0.0,0.0,0.0,1.0,1.0,0.0,true
com.puppycrawl.tools.checkstyle.checks.blocks.leftcurly.InputLeftCurlyLineBreakAfter:method2,1,1,0.0,0.0,0.0,0.0,0.0,0.0,0.0,0.0,0.0,0.0,0.0,0.0,0.0,1.0,0.0,0.0,true
com.puppycrawl.tools.checkstyle.checks.coding.requirethis.InputRequireThisAnonymousEmpty:method,1,1,4.0,4.0,4.0,0.0,0.0,0.0,4.0,4.0,4.0,0.0,0.0,0.0,0.0,1.0,0.25,0.0,true
com.puppycrawl.tools.checkstyle.checks.SuppressWarningsHolder:isSuppressed,2,2,5.0,4.0,2.5,0.0,0.0,0.0,5.0,4.0,2.5,0.0,0.0,0.0,0.0,0.5,0.2,0.0,true
com.google.checkstyle.test.base.BaseCheckTestSupport:createCheckConfig,2,2,1.0,1.0,0.5,0.0,0.0,0.0,1.0,1.0,0.5,0.0,0.0,0.0,0.0,0.5,1.0,0.0,true
com.puppycrawl.tools.checkstyle.ConfigurationLoader:createIdToResourceNameMap,1,1,2.0,2.0,2.0,0.0,0.0,0.0,2.0,2.0,2.0,0.0,0.0,0.0,0.0,1.0,0.5,0.0,true
com.puppycrawl.tools.checkstyle.filters.SuppressionFilterTest:testNonExistingSuppressionUrlWithTrueOptional,2,2,11.0,11.0,5.5,0.0,0.0,0.0,11.0,11.0,5.5,0.0,0.0,0.0,0.0,0.5,0.09090909090909091,0.0,true
com.puppycrawl.tools.checkstyle.checks.imports.ImportControlCheckTest:getCheckstyleExceptionMessage,1,1,9.0,9.0,9.0,0.0,0.0,0.0,9.0,9.0,9.0,0.0,0.0,0.0,0.0,1.0,0.1111111111111111,0.0,true
com.puppycrawl.tools.checkstyle.api.AbstractCheckTest:testGetAcceptable,1,1,13.0,13.0,13.0,0.0,0.0,0.0,13.0,13.0,13.0,0.0,0.0,0.0,0.0,1.0,0.07692307692307693,0.0,true
com.puppycrawl.tools.checkstyle.checks.whitespace.whitespaceafter.InputWhitespaceAfterLiteralIf:testFor,1,1,8.0,8.0,8.0,0.0,0.0,0.0,8.0,8.0,8.0,0.0,0.0,0.0,0.0,1.0,0.125,0.0,true
com.puppycrawl.tools.checkstyle.gui.MainFrameModelTest:testOpenFileNullParameter,1,1,3.0,3.0,3.0,0.0,0.0,0.0,3.0,3.0,3.0,0.0,0.0,0.0,0.0,1.0,0.3333333333333333,0.0,true
com.puppycrawl.tools.checkstyle.checks.imports.ClassImportRule:verifyImport,1,1,11.0,11.0,11.0,0.0,0.0,0.0,11.0,11.0,11.0,0.0,1.0,-1.0,-1.0,1.0,0.09090909090909091,0.0,true
com.puppycrawl.tools.checkstyle.checks.indentation.indentation.InputIndentationChainedMethods:main,1,1,4.0,4.0,4.0,0.0,0.0,0.0,4.0,4.0,4.0,0.0,0.0,0.0,0.0,1.0,0.25,0.0,true
com.puppycrawl.tools.checkstyle.utils.TokenUtilsTest:testGetTokenNameWithGreatestPossibleId,1,1,6.0,6.0,6.0,0.0,0.0,0.0,6.0,6.0,6.0,0.0,0.0,0.0,0.0,1.0,0.16666666666666666,0.0,true
com.puppycrawl.tools.checkstyle.utils.CheckUtilsTest:testGetFirstNode,1,1,21.0,21.0,21.0,0.0,0.0,0.0,21.0,21.0,21.0,0.0,0.0,0.0,0.0,1.0,0.047619047619047616,0.0,true
com.puppycrawl.tools.checkstyle.checks.blocks.RightCurlyCheck:setOption,2,2,0.0,0.0,0.0,1.0,1.0,0.5,-1.0,-1.0,-0.5,0.0,0.0,0.0,0.0,0.5,0.0,0.0,true
com.puppycrawl.tools.checkstyle.checks.indentation.IndentationCheckTest:testPackageDeclaration,1,1,1.0,1.0,1.0,0.0,0.0,0.0,1.0,1.0,1.0,0.0,0.0,0.0,0.0,1.0,1.0,0.0,true
com.puppycrawl.tools.checkstyle.Checker:processFiles,2,1,18.0,14.0,9.0,5.0,5.0,2.5,13.0,9.0,6.5,0.0,1.0,0.0,0.0,1.0,0.05555555555555555,0.08695652173913043,true
com.puppycrawl.tools.checkstyle.BaseCheckTestSupport:createCheckerConfig,1,1,0.0,0.0,0.0,0.0,0.0,0.0,0.0,0.0,0.0,0.0,0.0,0.0,0.0,1.0,0.0,0.0,true
com.puppycrawl.tools.checkstyle.filefilters.ExclusionBeforeExecutionFileFilterTest:createExclusionBeforeExecutionFileFilter,2,1,8.0,7.0,4.0,0.0,0.0,0.0,8.0,7.0,4.0,0.0,1.0,0.0,0.0,1.0,0.125,0.0,true
com.puppycrawl.tools.checkstyle.ConfigurationLoaderTest:testConfigWithIgnoreExceptionalAttributes,1,1,17.0,17.0,17.0,0.0,0.0,0.0,17.0,17.0,17.0,0.0,0.0,0.0,0.0,1.0,0.058823529411764705,0.0,true
com.puppycrawl.tools.checkstyle.checks.indentation.IndentationCheckTest:getPath,1,1,1.0,1.0,1.0,0.0,0.0,0.0,1.0,1.0,1.0,0.0,0.0,0.0,0.0,1.0,1.0,0.0,true
com.puppycrawl.tools.checkstyle.checks.coding.finallocalvariable.InputFinalLocalVariableMultiCatch:demo,1,1,8.0,8.0,8.0,0.0,0.0,0.0,8.0,8.0,8.0,0.0,0.0,0.0,0.0,1.0,0.125,0.0,true
com.puppycrawl.tools.checkstyle.checks.blocks.RightCurlyCheckTest:testShouldStartLine,2,2,8.0,6.0,4.0,0.0,0.0,0.0,8.0,6.0,4.0,0.0,0.0,0.0,0.0,0.5,0.125,0.0,true
com.puppycrawl.tools.checkstyle.checks.header.RegexpHeaderCheck:postProcessHeaderLines,1,1,0.0,0.0,0.0,1.0,1.0,1.0,-1.0,-1.0,-1.0,0.0,0.0,0.0,0.0,1.0,0.0,0.0,true
com.puppycrawl.tools.checkstyle.checks.indentation.BlockParentHandler:getRightParen,1,1,5.0,5.0,5.0,0.0,0.0,0.0,5.0,5.0,5.0,0.0,0.0,0.0,0.0,1.0,0.2,0.0,true
com.puppycrawl.tools.checkstyle.TreeWalkerTest:testFinishLocalSetupFullyInitialized,2,1,7.0,7.0,3.5,0.0,0.0,0.0,7.0,7.0,3.5,0.0,0.0,0.0,0.0,1.0,0.14285714285714285,0.0,true
com.puppycrawl.tools.checkstyle.checks.metrics.NPathComplexityCheck:leaveToken,1,1,66.0,66.0,66.0,8.0,8.0,8.0,58.0,58.0,58.0,0.0,0.0,0.0,0.0,1.0,0.015151515151515152,0.02702702702702703,true
com.puppycrawl.tools.checkstyle.checks.javadoc.JavadocMethodCheck:hasAllowedAnnotations,1,1,13.0,13.0,13.0,4.0,4.0,4.0,9.0,9.0,9.0,0.0,0.0,-1.0,-1.0,1.0,0.07692307692307693,0.11764705882352941,true
com.puppycrawl.tools.checkstyle.checks.coding.EqualsAvoidNullCheck:leaveSlist,1,1,0.0,0.0,0.0,0.0,0.0,0.0,0.0,0.0,0.0,0.0,0.0,0.0,0.0,1.0,0.0,0.0,true
com.puppycrawl.tools.checkstyle.BaseCheckTestSupport:createChecker,2,2,9.0,9.0,4.5,2.0,2.0,1.0,7.0,7.0,3.5,0.0,0.0,0.0,0.0,0.5,0.1111111111111111,0.18181818181818182,true
com.puppycrawl.tools.checkstyle.internal.XdocsPagesTest:testAllCheckSections,3,3,9.0,6.0,3.0,6.0,6.0,2.0,3.0,0.0,1.0,0.0,0.0,0.0,0.0,0.3333333333333333,0.1111111111111111,0.2,true
com.google.checkstyle.test.chapter4formatting.rule487modifiers.ModifierOrderTest:testModifierOrder,2,2,10.0,10.0,5.0,0.0,0.0,0.0,10.0,10.0,5.0,0.0,0.0,0.0,0.0,0.5,0.1,0.0,true
com.puppycrawl.tools.checkstyle.checks.annotation.AnnotationUseStyleCheckTest:testEverythingMixed,1,1,6.0,6.0,6.0,0.0,0.0,0.0,6.0,6.0,6.0,0.0,0.0,0.0,0.0,1.0,0.16666666666666666,0.0,true
com.puppycrawl.tools.checkstyle.filters.SuppressionsLoaderTest:testNoCheckYesId,1,1,2.0,2.0,2.0,0.0,0.0,0.0,2.0,2.0,2.0,0.0,0.0,0.0,0.0,1.0,0.5,0.0,true
com.puppycrawl.tools.checkstyle.checks.indentation.IndentationCheckTest:testInvalidImportIndent,1,1,1.0,1.0,1.0,0.0,0.0,0.0,1.0,1.0,1.0,0.0,0.0,0.0,0.0,1.0,1.0,0.0,true
com.puppycrawl.tools.checkstyle.checks.metrics.InputComplexitySwitchBlocks:foo2,1,1,0.0,0.0,0.0,0.0,0.0,0.0,0.0,0.0,0.0,0.0,0.0,0.0,0.0,1.0,0.0,0.0,true
com.puppycrawl.tools.checkstyle.checks.SuppressWarningsHolder:isSuppressedAfterEventStart,1,1,4.0,4.0,4.0,0.0,0.0,0.0,4.0,4.0,4.0,0.0,0.0,0.0,0.0,1.0,0.25,0.0,true
com.google.checkstyle.test.base.BaseCheckTestSupport:getLinesWithWarn,1,1,0.0,0.0,0.0,0.0,0.0,0.0,0.0,0.0,0.0,0.0,0.0,0.0,0.0,1.0,0.0,0.0,true
com.puppycrawl.tools.checkstyle.checks.coding.PackageDeclarationCheckTest:testDefaultNoPackage,2,2,6.0,6.0,3.0,0.0,0.0,0.0,6.0,6.0,3.0,0.0,0.0,0.0,0.0,0.5,0.16666666666666666,0.0,true
com.puppycrawl.tools.checkstyle.checks.design.OneTopLevelClassCheckTest:getPath,1,1,0.0,0.0,0.0,0.0,0.0,0.0,0.0,0.0,0.0,0.0,0.0,0.0,0.0,1.0,0.0,0.0,true
com.puppycrawl.tools.checkstyle.checks.coding.MissingCtorCheckTest:getPath,1,1,0.0,0.0,0.0,0.0,0.0,0.0,0.0,0.0,0.0,0.0,0.0,0.0,0.0,1.0,0.0,0.0,true
com.puppycrawl.tools.checkstyle.checks.blocks.LeftCurlyCheckTest:testDefault3,1,1,2.0,2.0,2.0,0.0,0.0,0.0,2.0,2.0,2.0,0.0,0.0,0.0,0.0,1.0,0.5,0.0,true
com.puppycrawl.tools.checkstyle.checks.coding.RequireThisCheck:getAllTokensWhichAreEqualToCurrent,1,1,6.0,6.0,6.0,0.0,0.0,0.0,6.0,6.0,6.0,0.0,0.0,0.0,0.0,1.0,0.16666666666666666,0.0,true
com.puppycrawl.tools.checkstyle.checks.indentation.MethodDefHandler:checkIndentation,1,1,1.0,1.0,1.0,0.0,0.0,0.0,1.0,1.0,1.0,0.0,0.0,0.0,0.0,1.0,1.0,0.0,true
com.puppycrawl.tools.checkstyle.internal.CheckUtil:isCheckstyleCheck,1,1,10.0,10.0,10.0,3.0,3.0,3.0,7.0,7.0,7.0,0.0,0.0,0.0,0.0,1.0,0.1,0.15384615384615385,true
com.puppycrawl.tools.checkstyle.gui.ParseTreeTablePresentationTest:testCommentChildCountInJavaAndJavadocMode,2,2,23.0,13.0,11.5,0.0,0.0,0.0,23.0,13.0,11.5,0.0,0.0,0.0,0.0,0.5,0.043478260869565216,0.0,true
com.puppycrawl.tools.checkstyle.gui.TreeTable:setLinePositionMap,1,1,2.0,2.0,2.0,1.0,1.0,1.0,1.0,1.0,1.0,0.0,0.0,0.0,0.0,1.0,0.5,0.6666666666666666,true
com.puppycrawl.tools.checkstyle.checks.coding.FinalLocalVariableCheck:shouldUpdateUninitializedVariables,2,2,5.0,4.0,2.5,0.0,0.0,0.0,5.0,4.0,2.5,0.0,0.0,0.0,0.0,0.5,0.2,0.0,true
com.puppycrawl.tools.checkstyle.checks.regexp.RegexpSinglelineJavaCheckTest:testIgnoreCommentsMultipleBlockStyle,1,1,7.0,7.0,7.0,0.0,0.0,0.0,7.0,7.0,7.0,0.0,0.0,0.0,0.0,1.0,0.14285714285714285,0.0,true
com.puppycrawl.tools.checkstyle.checks.blocks.rightcurly.InputRightCurlyDoWhile:foo10,1,1,4.0,4.0,4.0,0.0,0.0,0.0,4.0,4.0,4.0,0.0,0.0,0.0,0.0,1.0,0.25,0.0,true
com.puppycrawl.tools.checkstyle.utils.BlockCommentPositionTest:getPath,1,1,8.0,8.0,8.0,0.0,0.0,0.0,8.0,8.0,8.0,0.0,0.0,0.0,0.0,1.0,0.125,0.0,true
com.puppycrawl.tools.checkstyle.BaseCheckTestSupport:internalGetCheckMessage,2,1,9.0,9.0,4.5,2.0,2.0,1.0,7.0,7.0,3.5,0.0,0.0,0.0,0.0,1.0,0.1111111111111111,0.18181818181818182,true
com.puppycrawl.tools.checkstyle.checks.metrics.InputNPathComplexity:testDoWhileCyclesComplex,1,1,12.0,12.0,12.0,0.0,0.0,0.0,12.0,12.0,12.0,0.0,0.0,0.0,0.0,1.0,0.08333333333333333,0.0,true
com.puppycrawl.tools.checkstyle.checks.imports.ImportControlCheckTest:testPkgRegExpInBoth,2,2,8.0,5.0,4.0,0.0,0.0,0.0,8.0,5.0,4.0,0.0,0.0,0.0,0.0,0.5,0.125,0.0,true
com.puppycrawl.tools.checkstyle.checks.indentation.IndentationCheckTest:testValidInterfaceDefWithChecker,1,1,1.0,1.0,1.0,0.0,0.0,0.0,1.0,1.0,1.0,0.0,0.0,0.0,0.0,1.0,1.0,0.0,true
com.google.checkstyle.test.chapter4formatting.rule413emptyblocks.Catch:foo3,1,1,12.0,12.0,12.0,0.0,0.0,0.0,12.0,12.0,12.0,0.0,0.0,0.0,0.0,1.0,0.08333333333333333,0.0,true
com.google.checkstyle.test.chapter3filestructure.rule32packagestate.LineLengthTest:testLineLength,1,1,7.0,7.0,7.0,0.0,0.0,0.0,7.0,7.0,7.0,0.0,0.0,0.0,0.0,1.0,0.14285714285714285,0.0,true
com.puppycrawl.tools.checkstyle.checks.coding.nofinalizer.InputNoFinalizerFallThrough:noCommentAtTheEnd,1,1,9.0,9.0,9.0,0.0,0.0,0.0,9.0,9.0,9.0,0.0,0.0,0.0,0.0,1.0,0.1111111111111111,0.0,true
com.puppycrawl.tools.checkstyle.checks.header.RegexpHeaderCheckTest:testRegexpHeaderSmallHeader,1,1,9.0,9.0,9.0,0.0,0.0,0.0,9.0,9.0,9.0,0.0,0.0,0.0,0.0,1.0,0.1111111111111111,0.0,true
com.puppycrawl.tools.checkstyle.checks.metrics.ClassFanOutComplexityCheck:getAcceptableTokens,1,1,0.0,0.0,0.0,0.0,0.0,0.0,0.0,0.0,0.0,0.0,0.0,0.0,0.0,1.0,0.0,0.0,true
com.puppycrawl.tools.checkstyle.checks.design.hideutilityclassconstructor.InputHideUtilityClassConstructorPrivate:InputHideUtilityClassConstructorPrivate,1,1,2.0,2.0,2.0,0.0,0.0,0.0,2.0,2.0,2.0,0.0,0.0,0.0,0.0,1.0,0.5,0.0,true
com.puppycrawl.tools.checkstyle.checks.annotation.AnnotationLocationCheckTest:testAnnotationInForEachLoopParameterAndVariableDef,1,1,2.0,2.0,2.0,0.0,0.0,0.0,2.0,2.0,2.0,0.0,0.0,0.0,0.0,1.0,0.5,0.0,true
com.puppycrawl.tools.checkstyle.checks.header.HeaderCheckTest:testIoExceptionWhenLoadingHeader,2,2,3.0,2.0,1.5,0.0,0.0,0.0,3.0,2.0,1.5,0.0,0.0,0.0,0.0,0.5,0.3333333333333333,0.0,true
com.puppycrawl.tools.checkstyle.checks.indentation.ArrayInitHandler:getChildrenExpectedIndent,1,1,1.0,1.0,1.0,0.0,0.0,0.0,1.0,1.0,1.0,0.0,0.0,0.0,0.0,1.0,1.0,0.0,true
com.puppycrawl.tools.checkstyle.checks.indentation.indentation.InputIndentationInvalidIfIndent:InputIndentationInvalidIfIndent,1,1,2.0,2.0,2.0,0.0,0.0,0.0,2.0,2.0,2.0,0.0,0.0,0.0,0.0,1.0,0.5,0.0,true
com.puppycrawl.tools.checkstyle.checks.AbstractTypeAwareCheck:getClassResolver,1,1,0.0,0.0,0.0,0.0,0.0,0.0,0.0,0.0,0.0,0.0,0.0,0.0,0.0,1.0,0.0,0.0,true
com.puppycrawl.tools.checkstyle.checks.blocks.RightCurlyCheck:shouldBeAloneOnLine,3,3,48.0,33.0,16.0,47.0,34.0,15.666666666666666,1.0,-1.0,0.3333333333333339,0.0,2.0,1.0,1.0,0.3333333333333333,0.020833333333333332,0.021052631578947368,true
com.puppycrawl.tools.checkstyle.utils.JavadocUtils:escapeAllControlChars,1,1,6.0,6.0,6.0,0.0,0.0,0.0,6.0,6.0,6.0,0.0,0.0,0.0,0.0,1.0,0.16666666666666666,0.0,true
com.puppycrawl.tools.checkstyle.checks.coding.FinalLocalVariableCheck:updateCurrentScopeAssignedVariables,1,1,8.0,8.0,8.0,0.0,0.0,0.0,8.0,8.0,8.0,0.0,1.0,0.0,0.0,1.0,0.125,0.0,true
com.puppycrawl.tools.checkstyle.checks.indentation.IndentationCheckTest:testInvalidIfWithChecker,2,2,1.0,1.0,0.5,0.0,0.0,0.0,1.0,1.0,0.5,0.0,0.0,0.0,0.0,0.5,1.0,0.0,true
com.puppycrawl.tools.checkstyle.checks.coding.UnnecessaryParenthesesCheckTest:getPath,1,1,0.0,0.0,0.0,0.0,0.0,0.0,0.0,0.0,0.0,0.0,0.0,0.0,0.0,1.0,0.0,0.0,true
com.puppycrawl.tools.checkstyle.utils.checkutils.InputCheckUtilsTest:getField,1,1,9.0,9.0,9.0,0.0,0.0,0.0,9.0,9.0,9.0,0.0,1.0,-1.0,-1.0,1.0,0.1111111111111111,0.0,true
com.puppycrawl.tools.checkstyle.checks.indentation.IndentationCheckTest:testValidIfWithChecker,1,1,1.0,1.0,1.0,0.0,0.0,0.0,1.0,1.0,1.0,0.0,0.0,0.0,0.0,1.0,1.0,0.0,true
com.puppycrawl.tools.checkstyle.PackageObjectFactory:fillChecksFromModifierPackage,1,1,5.0,5.0,5.0,0.0,0.0,0.0,5.0,5.0,5.0,0.0,0.0,0.0,0.0,1.0,0.2,0.0,true
com.puppycrawl.tools.checkstyle.checks.regexp.RegexpCheckTest:testIgnoreCommentsBlockStyle,1,1,9.0,9.0,9.0,0.0,0.0,0.0,9.0,9.0,9.0,0.0,0.0,0.0,0.0,1.0,0.1111111111111111,0.0,true
com.puppycrawl.tools.checkstyle.CheckerTest:testDestroy,2,2,11.0,6.0,5.5,0.0,0.0,0.0,11.0,6.0,5.5,0.0,0.0,0.0,0.0,0.5,0.09090909090909091,0.0,true
com.puppycrawl.tools.checkstyle.checks.coding.EqualsHashCodeCheck:finishTree,1,1,1.0,1.0,1.0,0.0,0.0,0.0,1.0,1.0,1.0,0.0,0.0,0.0,0.0,1.0,1.0,0.0,true
com.puppycrawl.tools.checkstyle.checks.TranslationCheck:validateUserSpecifiedLanguageCodes,1,1,0.0,0.0,0.0,0.0,0.0,0.0,0.0,0.0,0.0,0.0,0.0,0.0,0.0,1.0,0.0,0.0,true
com.puppycrawl.tools.checkstyle.checks.imports.ClassImportRuleTest:testClassImportRuleRegexp,2,2,34.0,23.0,17.0,0.0,0.0,0.0,34.0,23.0,17.0,0.0,0.0,0.0,0.0,0.5,0.029411764705882353,0.0,true
com.puppycrawl.tools.checkstyle.checks.indentation.IndentationCheckTest:testInvalidInvalidAnonymousClass,1,1,1.0,1.0,1.0,0.0,0.0,0.0,1.0,1.0,1.0,0.0,0.0,0.0,0.0,1.0,1.0,0.0,true
com.puppycrawl.tools.checkstyle.checks.whitespace.SeparatorWrapCheck:getAcceptableTokens,1,1,0.0,0.0,0.0,0.0,0.0,0.0,0.0,0.0,0.0,0.0,0.0,0.0,0.0,1.0,0.0,0.0,true
com.puppycrawl.tools.checkstyle.checks.annotation.AnnotationUseStyleCheckTest:testCommaAlwaysNoViolations,1,1,6.0,6.0,6.0,0.0,0.0,0.0,6.0,6.0,6.0,0.0,0.0,0.0,0.0,1.0,0.16666666666666666,0.0,true
com.puppycrawl.tools.checkstyle.checks.imports.ImportControlCheckTest:testUrlUnableToLoad,3,3,16.0,9.0,5.333333333333333,0.0,0.0,0.0,16.0,9.0,5.333333333333333,0.0,0.0,0.0,0.0,0.3333333333333333,0.0625,0.0,true
com.puppycrawl.tools.checkstyle.utils.CommonUtilsTest:testIsIdentifierInvalidSymbols,1,1,3.0,3.0,3.0,0.0,0.0,0.0,3.0,3.0,3.0,0.0,0.0,0.0,0.0,1.0,0.3333333333333333,0.0,true
com.puppycrawl.tools.checkstyle.api.FileTextTest:testSupportedCharset,1,1,1.0,1.0,1.0,0.0,0.0,0.0,1.0,1.0,1.0,0.0,0.0,0.0,0.0,1.0,1.0,0.0,true
com.puppycrawl.tools.checkstyle.checks.indentation.IndentationCheckTest:testThrowsIndentationLevel2,1,1,1.0,1.0,1.0,0.0,0.0,0.0,1.0,1.0,1.0,0.0,0.0,0.0,0.0,1.0,1.0,0.0,true
com.puppycrawl.tools.checkstyle.checks.coding.IllegalTypeCheckTest:getPath,1,1,0.0,0.0,0.0,0.0,0.0,0.0,0.0,0.0,0.0,0.0,0.0,0.0,0.0,1.0,0.0,0.0,true
com.puppycrawl.tools.checkstyle.PropertyCacheFileTest:testResetIfFileDoesNotExist,1,1,6.0,6.0,6.0,0.0,0.0,0.0,6.0,6.0,6.0,0.0,0.0,0.0,0.0,1.0,0.16666666666666666,0.0,true
com.puppycrawl.tools.checkstyle.checks.indentation.BlockParentHandler:checkIndentation,1,1,5.0,5.0,5.0,0.0,0.0,0.0,5.0,5.0,5.0,0.0,0.0,0.0,0.0,1.0,0.2,0.0,true
com.puppycrawl.tools.checkstyle.checks.regexp.RegexpOnFilenameCheck:setFolderPattern,1,1,2.0,2.0,2.0,0.0,0.0,0.0,2.0,2.0,2.0,0.0,0.0,0.0,0.0,1.0,0.5,0.0,true
com.puppycrawl.tools.checkstyle.Main:main,2,2,82.0,81.0,41.0,14.0,11.0,7.0,68.0,70.0,34.0,0.0,1.0,0.0,0.0,0.5,0.012195121951219513,0.020833333333333332,true
com.puppycrawl.tools.checkstyle.checks.blocks.rightcurly.InputRightCurlySameLambda:foo1,1,1,57.0,57.0,57.0,0.0,0.0,0.0,57.0,57.0,57.0,0.0,0.0,0.0,0.0,1.0,0.017543859649122806,0.0,true
com.google.checkstyle.test.chapter4formatting.rule412nonemptyblocks.RightCurlyTest:testRightCurlyAlone,3,2,25.0,15.0,8.333333333333334,1.0,1.0,0.3333333333333333,24.0,14.0,8.0,0.0,0.0,0.0,0.0,0.6666666666666666,0.04,0.11538461538461539,true
com.puppycrawl.tools.checkstyle.api.DetailASTTest:checkDir,2,2,0.0,0.0,0.0,4.0,4.0,2.0,-4.0,-4.0,-2.0,0.0,0.0,0.0,0.0,0.5,0.0,0.0,true
com.puppycrawl.tools.checkstyle.checks.sizes.AnonInnerLengthCheckTest:getPath,1,1,0.0,0.0,0.0,0.0,0.0,0.0,0.0,0.0,0.0,0.0,0.0,0.0,0.0,1.0,0.0,0.0,true
com.puppycrawl.tools.checkstyle.checks.SuppressWarningsHolder:getDefaultAlias,1,1,0.0,0.0,0.0,0.0,0.0,0.0,0.0,0.0,0.0,0.0,0.0,0.0,0.0,1.0,0.0,0.0,true
com.puppycrawl.tools.checkstyle.checks.indentation.IndentationCheckTest:testInvalidArrayInitWithChecker,3,2,8.0,6.0,2.6666666666666665,0.0,0.0,0.0,8.0,6.0,2.6666666666666665,0.0,0.0,0.0,0.0,0.6666666666666666,0.25,0.0,true
com.puppycrawl.tools.checkstyle.AstTreeStringPrinterTest:testPrintAst,1,1,6.0,6.0,6.0,0.0,0.0,0.0,6.0,6.0,6.0,0.0,0.0,0.0,0.0,1.0,0.16666666666666666,0.0,true
com.puppycrawl.tools.checkstyle.checks.whitespace.whitespaceafter.InputWhitespaceAfterMultilineCast:issue3850,1,1,5.0,5.0,5.0,0.0,0.0,0.0,5.0,5.0,5.0,0.0,0.0,0.0,0.0,1.0,0.2,0.0,true
com.puppycrawl.tools.checkstyle.checks.javadoc.SummaryJavadocCheckTest:testGetRequiredTokens,1,1,0.0,0.0,0.0,0.0,0.0,0.0,0.0,0.0,0.0,0.0,0.0,0.0,0.0,1.0,0.0,0.0,true
com.puppycrawl.tools.checkstyle.checks.design.HideUtilityClassConstructorCheck:isStatic,1,1,0.0,0.0,0.0,0.0,0.0,0.0,0.0,0.0,0.0,0.0,0.0,0.0,0.0,1.0,0.0,0.0,true
com.puppycrawl.tools.checkstyle.checks.indentation.IndentationCheckTest:forbidOldStyle,2,2,14.0,13.0,7.0,0.0,0.0,0.0,14.0,13.0,7.0,0.0,0.0,0.0,0.0,0.5,0.07142857142857142,0.0,true
com.puppycrawl.tools.checkstyle.checks.imports.CustomImportOrderCheckTest:testGetFullImportIdent,1,1,0.0,0.0,0.0,0.0,0.0,0.0,0.0,0.0,0.0,0.0,0.0,0.0,0.0,1.0,0.0,0.0,true
com.puppycrawl.tools.checkstyle.checks.coding.RequireThisCheckTest:testFieldsOnly,2,2,6.0,6.0,3.0,0.0,0.0,0.0,6.0,6.0,3.0,0.0,0.0,0.0,0.0,0.5,0.16666666666666666,0.0,true
com.puppycrawl.tools.checkstyle.TreeWalkerTest:testSettersForParameters,1,1,2.0,2.0,2.0,0.0,0.0,0.0,2.0,2.0,2.0,0.0,0.0,0.0,0.0,1.0,0.5,0.0,true
com.puppycrawl.tools.checkstyle.checks.design.DesignForExtensionCheck:isCommentNodesRequired,1,1,5.0,5.0,5.0,0.0,0.0,0.0,5.0,5.0,5.0,0.0,0.0,0.0,0.0,1.0,0.2,0.0,true
com.puppycrawl.tools.checkstyle.checks.imports.ImportControl:createPatternForPartialMatch,1,1,11.0,11.0,11.0,0.0,0.0,0.0,11.0,11.0,11.0,0.0,1.0,-1.0,-1.0,1.0,0.09090909090909091,0.0,true
com.puppycrawl.tools.checkstyle.checks.imports.IllegalImportCheckTest:getPath,1,1,6.0,6.0,6.0,0.0,0.0,0.0,6.0,6.0,6.0,0.0,0.0,0.0,0.0,1.0,0.16666666666666666,0.0,true
com.puppycrawl.tools.checkstyle.checks.imports.ImportControl:localCheckAccess,5,5,29.0,13.0,5.8,5.0,5.0,1.0,24.0,8.0,4.8,0.0,1.0,-1.0,-1.0,0.2,0.034482758620689655,0.14705882352941177,true
com.puppycrawl.tools.checkstyle.TestRootModuleChecker:addListener,1,1,2.0,2.0,2.0,0.0,0.0,0.0,2.0,2.0,2.0,0.0,0.0,0.0,0.0,1.0,0.5,0.0,true
com.puppycrawl.tools.checkstyle.checks.imports.PkgImportRuleTest:testPkgImportRule,2,2,43.0,34.0,21.5,0.0,0.0,0.0,43.0,34.0,21.5,0.0,0.0,0.0,0.0,0.5,0.023255813953488372,0.0,true
com.puppycrawl.tools.checkstyle.checks.header.RegexpHeaderCheckTest:testNoWarningIfSingleLinedLeft,2,2,21.0,12.0,10.5,0.0,0.0,0.0,21.0,12.0,10.5,0.0,0.0,0.0,0.0,0.5,0.047619047619047616,0.0,true
com.puppycrawl.tools.checkstyle.packageobjectfactory.foo.FooCheck:getRequiredTokens,1,1,3.0,3.0,3.0,0.0,0.0,0.0,3.0,3.0,3.0,0.0,0.0,0.0,0.0,1.0,0.3333333333333333,0.0,true
com.puppycrawl.tools.checkstyle.filters.SuppressWithNearbyCommentFilter:setCommentFormat,1,1,1.0,1.0,1.0,3.0,3.0,3.0,-2.0,-2.0,-2.0,0.0,0.0,0.0,0.0,1.0,1.0,0.5,true
com.puppycrawl.tools.checkstyle.checks.whitespace.whitespaceafter.InputWhitespaceAfterLiteralWhile:condition,1,1,8.0,8.0,8.0,0.0,0.0,0.0,8.0,8.0,8.0,0.0,0.0,0.0,0.0,1.0,0.125,0.0,true
com.puppycrawl.tools.checkstyle.checks.AvoidEscapedUnicodeCharactersCheckTest:testGetAcceptableTokens,1,1,0.0,0.0,0.0,0.0,0.0,0.0,0.0,0.0,0.0,0.0,0.0,0.0,0.0,1.0,0.0,0.0,true
com.puppycrawl.tools.checkstyle.checks.design.hideutilityclassconstructor.InputHideUtilityClassConstructorPrivate:foo,1,1,2.0,2.0,2.0,0.0,0.0,0.0,2.0,2.0,2.0,0.0,0.0,0.0,0.0,1.0,0.5,0.0,true
com.puppycrawl.tools.checkstyle.checks.coding.nofinalizer.InputNoFinalizerFallThrough:methodFallThruLastCaseGroup,1,1,9.0,9.0,9.0,0.0,0.0,0.0,9.0,9.0,9.0,0.0,0.0,0.0,0.0,1.0,0.1111111111111111,0.0,true
com.puppycrawl.tools.checkstyle.PackageObjectFactory:createModule,4,3,55.0,33.0,13.75,0.0,0.0,0.0,55.0,33.0,13.75,0.0,0.0,0.0,0.0,0.5,0.01818181818181818,0.0,true
com.puppycrawl.tools.checkstyle.CheckerTest:testFileSetCheckInitWhenAddedAsChild,1,1,6.0,6.0,6.0,0.0,0.0,0.0,6.0,6.0,6.0,0.0,0.0,0.0,0.0,1.0,0.16666666666666666,0.0,true
com.puppycrawl.tools.checkstyle.checks.javadoc.AbstractTypeAwareCheckTest:testWithoutLogErrors,2,2,0.0,0.0,0.0,0.0,0.0,0.0,0.0,0.0,0.0,0.0,0.0,0.0,0.0,0.5,0.0,0.0,true
com.puppycrawl.tools.checkstyle.ant.CheckstyleAntTaskTest:testPathsOneFile,2,2,14.0,14.0,7.0,0.0,0.0,0.0,14.0,14.0,7.0,0.0,0.0,0.0,0.0,0.5,0.07142857142857142,0.0,true
com.puppycrawl.tools.checkstyle.gui.CodeSelectorPresentation:getSelectionStart,1,1,0.0,0.0,0.0,0.0,0.0,0.0,0.0,0.0,0.0,0.0,0.0,0.0,0.0,1.0,0.0,0.0,true
com.google.checkstyle.test.chapter5naming.rule526parameternames.ParameterNameTest:parameterNameTest,1,1,0.0,0.0,0.0,0.0,0.0,0.0,0.0,0.0,0.0,0.0,0.0,0.0,0.0,1.0,0.0,0.0,true
com.puppycrawl.tools.checkstyle.checks.blocks.RightCurlyCheckTest:testNewLine,1,1,6.0,6.0,6.0,0.0,0.0,0.0,6.0,6.0,6.0,0.0,0.0,0.0,0.0,1.0,0.16666666666666666,0.0,true
com.puppycrawl.tools.checkstyle.checks.coding.ExplicitInitializationCheck:setOnlyObjectReferences,1,1,29.0,29.0,29.0,12.0,12.0,12.0,17.0,17.0,17.0,0.0,2.0,0.0,0.0,1.0,0.034482758620689655,0.04878048780487805,true
com.puppycrawl.tools.checkstyle.checks.blocks.EmptyCatchBlockCheckTest:testDefault,2,2,0.0,0.0,0.0,0.0,0.0,0.0,0.0,0.0,0.0,0.0,0.0,0.0,0.0,0.5,0.0,0.0,true
com.puppycrawl.tools.checkstyle.checks.blocks.NeedBracesCheck:isSingleLineDefault,1,1,44.0,44.0,44.0,9.0,9.0,9.0,35.0,35.0,35.0,0.0,1.0,-1.0,-1.0,1.0,0.022727272727272728,0.03773584905660377,true
com.puppycrawl.tools.checkstyle.checks.regexp.RegexpSinglelineJavaCheckTest:testGetRequiredTokens,1,1,0.0,0.0,0.0,0.0,0.0,0.0,0.0,0.0,0.0,0.0,0.0,0.0,0.0,1.0,0.0,0.0,true
com.puppycrawl.tools.checkstyle.checks.naming.parametername.InputAccessModifier:InputAccessModifier,1,1,2.0,2.0,2.0,0.0,0.0,0.0,2.0,2.0,2.0,0.0,0.0,0.0,0.0,1.0,0.5,0.0,true
com.puppycrawl.tools.checkstyle.checks.imports.AbstractImportRule:AbstractImportRule,2,1,13.0,13.0,6.5,0.0,0.0,0.0,13.0,13.0,6.5,0.0,2.0,-1.0,-1.0,1.0,0.07692307692307693,0.0,true
com.puppycrawl.tools.checkstyle.checks.coding.FallThroughCheckTest:testOwnPattern,1,1,0.0,0.0,0.0,0.0,0.0,0.0,0.0,0.0,0.0,0.0,0.0,0.0,0.0,1.0,0.0,0.0,true
com.puppycrawl.tools.checkstyle.checks.metrics.NPathComplexityCheck:leaveAddingConditional,1,1,66.0,66.0,66.0,8.0,8.0,8.0,58.0,58.0,58.0,0.0,0.0,0.0,0.0,1.0,0.015151515151515152,0.02702702702702703,true
com.google.checkstyle.test.chapter4formatting.rule4821onevariableperline.MultipleVariableDeclarationsTest:testMultipleVariableDeclarations,1,1,9.0,9.0,9.0,0.0,0.0,0.0,9.0,9.0,9.0,0.0,0.0,0.0,0.0,1.0,0.1111111111111111,0.0,true
com.puppycrawl.tools.checkstyle.checks.imports.ImportControlTest:testCheckAccess,2,2,1.0,1.0,0.5,0.0,0.0,0.0,1.0,1.0,0.5,0.0,0.0,0.0,0.0,0.5,1.0,0.0,true
com.puppycrawl.tools.checkstyle.checks.whitespace.genericwhitespace.InputGenericWhitespaceMethodRef1:methodName,1,1,5.0,5.0,5.0,0.0,0.0,0.0,5.0,5.0,5.0,0.0,0.0,0.0,0.0,1.0,0.2,0.0,true
com.puppycrawl.tools.checkstyle.checks.naming.methodname.InputMethodNameEqualClassName:InputMethodNameEqualClassName,1,1,3.0,3.0,3.0,0.0,0.0,0.0,3.0,3.0,3.0,0.0,0.0,0.0,0.0,1.0,0.3333333333333333,0.0,true
com.puppycrawl.tools.checkstyle.gui.MainFrameModelTest:testOpenFileNonCompilableFile,1,1,3.0,3.0,3.0,0.0,0.0,0.0,3.0,3.0,3.0,0.0,0.0,0.0,0.0,1.0,0.3333333333333333,0.0,true
com.puppycrawl.tools.checkstyle.checks.imports.UnusedImportsCheck:collectReferencesFromJavadoc,1,1,0.0,0.0,0.0,6.0,6.0,6.0,-6.0,-6.0,-6.0,0.0,1.0,0.0,0.0,1.0,0.0,0.0,true
com.puppycrawl.tools.checkstyle.api.AbstractCheckTest:getRequiredTokens,1,1,13.0,13.0,13.0,0.0,0.0,0.0,13.0,13.0,13.0,0.0,0.0,0.0,0.0,1.0,0.07692307692307693,0.0,true
com.puppycrawl.tools.checkstyle.grammars.java8.InputLambda8:main,1,1,0.0,0.0,0.0,0.0,0.0,0.0,0.0,0.0,0.0,0.0,0.0,0.0,0.0,1.0,0.0,0.0,true
com.puppycrawl.tools.checkstyle.internal.XdocsPagesTest:validateUsageExample,2,1,40.0,34.0,20.0,0.0,0.0,0.0,40.0,34.0,20.0,0.0,3.0,-1.0,-1.0,1.0,0.025,0.0,true
com.puppycrawl.tools.checkstyle.internal.XdocsPagesTest:validateCheckstyleXml,1,1,0.0,0.0,0.0,0.0,0.0,0.0,0.0,0.0,0.0,0.0,0.0,0.0,0.0,1.0,0.0,0.0,false
com.puppycrawl.tools.checkstyle.checks.imports.ImportControlCheckTest:testUrl,1,1,5.0,5.0,5.0,0.0,0.0,0.0,5.0,5.0,5.0,0.0,0.0,0.0,0.0,1.0,0.2,0.0,true
com.puppycrawl.tools.checkstyle.checks.coding.fallthrough.InputFallThrough:methodFallThruCC,1,1,9.0,9.0,9.0,0.0,0.0,0.0,9.0,9.0,9.0,0.0,0.0,0.0,0.0,1.0,0.1111111111111111,0.0,true
com.puppycrawl.tools.checkstyle.gui.ParseTreeTablePresentationTest:testJavadocChildCount,2,2,23.0,13.0,11.5,0.0,0.0,0.0,23.0,13.0,11.5,0.0,0.0,0.0,0.0,0.5,0.043478260869565216,0.0,true
com.puppycrawl.tools.checkstyle.MainTest:testExistingTargetFileWithViolations,1,1,26.0,26.0,26.0,90.0,90.0,90.0,-64.0,-64.0,-64.0,0.0,0.0,0.0,0.0,1.0,0.038461538461538464,0.017241379310344827,true
com.puppycrawl.tools.checkstyle.utils.CommonUtils:matchesFileExtension,1,1,1.0,1.0,1.0,0.0,0.0,0.0,1.0,1.0,1.0,0.0,0.0,0.0,0.0,1.0,1.0,0.0,true
com.puppycrawl.tools.checkstyle.gui.MainFrameModel:toString,1,1,3.0,3.0,3.0,0.0,0.0,0.0,3.0,3.0,3.0,0.0,0.0,0.0,0.0,1.0,0.3333333333333333,0.0,true
com.puppycrawl.tools.checkstyle.gui.MainFrameModel:setParseMode,1,1,3.0,3.0,3.0,0.0,0.0,0.0,3.0,3.0,3.0,0.0,0.0,0.0,0.0,1.0,0.3333333333333333,0.0,true
com.puppycrawl.tools.checkstyle.checks.imports.ImportControlLoader:load,2,2,2.0,1.0,1.0,0.0,0.0,0.0,2.0,1.0,1.0,0.0,0.0,0.0,0.0,0.5,1.0,0.0,true
com.puppycrawl.tools.checkstyle.checks.javadoc.AbstractJavadocCheck:getDefaultJavadocTokens,1,1,7.0,7.0,7.0,0.0,0.0,0.0,7.0,7.0,7.0,0.0,0.0,0.0,0.0,1.0,0.14285714285714285,0.0,true
com.puppycrawl.tools.checkstyle.checks.annotation.AnnotationUseStyleCheck:checkCompactNoArrayStyle,1,1,0.0,0.0,0.0,1.0,1.0,1.0,-1.0,-1.0,-1.0,0.0,0.0,0.0,0.0,1.0,0.0,0.0,true
com.puppycrawl.tools.checkstyle.checks.indentation.indentation.InputIndentationValidCommaIndent:InputIndentationValidCommaIndent,1,1,3.0,3.0,3.0,0.0,0.0,0.0,3.0,3.0,3.0,0.0,0.0,0.0,0.0,1.0,0.3333333333333333,0.0,true
com.puppycrawl.tools.checkstyle.checks.annotation.AnnotationLocationCheck:hasAnnotations,1,1,0.0,0.0,0.0,0.0,0.0,0.0,0.0,0.0,0.0,0.0,0.0,0.0,0.0,1.0,0.0,0.0,true
com.puppycrawl.tools.checkstyle.checks.coding.requirethis.InputRequireThisBraceAlone:test,1,1,10.0,10.0,10.0,0.0,0.0,0.0,10.0,10.0,10.0,0.0,0.0,0.0,0.0,1.0,0.1,0.0,true
com.puppycrawl.tools.checkstyle.DetailNodeTreeStringPrinterTest:testParseFileWithError,2,2,4.0,3.0,2.0,0.0,0.0,0.0,4.0,3.0,2.0,0.0,0.0,0.0,0.0,0.5,0.25,0.0,true
com.puppycrawl.tools.checkstyle.checks.header.HeaderCheckTest:testIoExceptionWhenLoadingHeaderFile,2,2,1.0,1.0,0.5,0.0,0.0,0.0,1.0,1.0,0.5,0.0,0.0,0.0,0.0,0.5,1.0,0.0,true
com.puppycrawl.tools.checkstyle.checks.naming.AbbreviationAsWordInNameCheckTest:testTypeNamesForFivePermittedCapitalLetters,2,2,18.0,10.0,9.0,0.0,0.0,0.0,18.0,10.0,9.0,0.0,0.0,0.0,0.0,0.5,0.05555555555555555,0.0,true
com.puppycrawl.tools.checkstyle.checks.design.ThrowsCountCheckTest:testGetRequiredTokens,1,1,0.0,0.0,0.0,0.0,0.0,0.0,0.0,0.0,0.0,0.0,0.0,0.0,0.0,1.0,0.0,0.0,true
com.puppycrawl.tools.checkstyle.checks.coding.illegaltype.InputIllegalTypeSameFileName:foo,1,1,4.0,4.0,4.0,0.0,0.0,0.0,4.0,4.0,4.0,0.0,0.0,0.0,0.0,1.0,0.25,0.0,true
com.puppycrawl.tools.checkstyle.checks.modifier.RedundantModifierCheck:checkEnumDef,1,1,15.0,15.0,15.0,12.0,12.0,12.0,3.0,3.0,3.0,0.0,1.0,0.0,0.0,1.0,0.06666666666666667,0.07407407407407407,true
com.puppycrawl.tools.checkstyle.checks.whitespace.whitespaceafter.InputWhitespaceAfterDoWhile:condition,1,1,10.0,10.0,10.0,0.0,0.0,0.0,10.0,10.0,10.0,0.0,0.0,0.0,0.0,1.0,0.1,0.0,true
com.puppycrawl.tools.checkstyle.internal.AllChecksTest:testAllCheckstyleChecksHaveMessage,2,2,11.0,11.0,5.5,0.0,0.0,0.0,11.0,11.0,5.5,0.0,1.0,-1.0,-1.0,0.5,0.09090909090909091,0.0,true
com.puppycrawl.tools.checkstyle.checks.coding.ExplicitInitializationCheck:isSkipCase,1,1,0.0,0.0,0.0,0.0,0.0,0.0,0.0,0.0,0.0,0.0,0.0,0.0,0.0,1.0,0.0,0.0,true
com.puppycrawl.tools.checkstyle.filters.SeverityMatchFilterTest:testAcceptOnMatch,1,1,2.0,2.0,2.0,0.0,0.0,0.0,2.0,2.0,2.0,0.0,0.0,0.0,0.0,1.0,0.5,0.0,true
com.puppycrawl.tools.checkstyle.checks.coding.FinalLocalVariableCheck:getAcceptableTokens,1,1,8.0,8.0,8.0,0.0,0.0,0.0,8.0,8.0,8.0,0.0,1.0,0.0,0.0,1.0,0.125,0.0,true
com.puppycrawl.tools.checkstyle.checks.blocks.RightCurlyCheck:shouldBeAloneOnLineWithAloneOption,1,1,14.0,14.0,14.0,13.0,13.0,13.0,1.0,1.0,1.0,0.0,2.0,1.0,1.0,1.0,0.07142857142857142,0.07407407407407407,true
com.puppycrawl.tools.checkstyle.checks.annotation.MissingOverrideCheckTest:testGoodOverrideFromObject,1,1,2.0,2.0,2.0,0.0,0.0,0.0,2.0,2.0,2.0,0.0,0.0,0.0,0.0,1.0,0.5,0.0,true
com.puppycrawl.tools.checkstyle.checks.modifier.redundantmodifier.ProperPrivateConstructor:ProperPrivateConstructor,1,1,2.0,2.0,2.0,0.0,0.0,0.0,2.0,2.0,2.0,0.0,0.0,0.0,0.0,1.0,0.5,0.0,true
com.puppycrawl.tools.checkstyle.checks.coding.nofinalizer.InputNoFinalizerFallThrough:tryResource,1,1,9.0,9.0,9.0,0.0,0.0,0.0,9.0,9.0,9.0,0.0,0.0,0.0,0.0,1.0,0.1111111111111111,0.0,true
com.puppycrawl.tools.checkstyle.checks.TranslationCheck:finishProcessing,1,1,1.0,1.0,1.0,0.0,0.0,0.0,1.0,1.0,1.0,0.0,0.0,0.0,0.0,1.0,1.0,0.0,true
com.puppycrawl.tools.checkstyle.filters.SuppressionFilterTest:isUrlReachable,1,1,3.0,3.0,3.0,0.0,0.0,0.0,3.0,3.0,3.0,0.0,0.0,0.0,0.0,1.0,0.3333333333333333,0.0,true
com.puppycrawl.tools.checkstyle.checks.imports.ImportControlCheckTest:testOneRegExp,1,1,5.0,5.0,5.0,0.0,0.0,0.0,5.0,5.0,5.0,0.0,0.0,0.0,0.0,1.0,0.2,0.0,true
com.puppycrawl.tools.checkstyle.checks.ClassResolverTest:testResolveInnerClassWithEmptyPackage,1,1,6.0,6.0,6.0,0.0,0.0,0.0,6.0,6.0,6.0,0.0,0.0,0.0,0.0,1.0,0.16666666666666666,0.0,true
com.puppycrawl.tools.checkstyle.gui.CodeSelector:CodeSelector,2,2,12.0,10.0,6.0,0.0,0.0,0.0,12.0,10.0,6.0,0.0,1.0,-1.0,-1.0,0.5,0.08333333333333333,0.0,true
com.puppycrawl.tools.checkstyle.checks.imports.CustomImportOrderCheck:createSamePackageRegexp,1,1,0.0,0.0,0.0,0.0,0.0,0.0,0.0,0.0,0.0,0.0,0.0,0.0,0.0,1.0,0.0,0.0,true
com.puppycrawl.tools.checkstyle.checks.coding.IllegalInstantiationCheck:setClasses,1,1,1.0,1.0,1.0,0.0,0.0,0.0,1.0,1.0,1.0,0.0,0.0,0.0,0.0,1.0,1.0,0.0,true
com.puppycrawl.tools.checkstyle.utils.checkutils.InputCheckUtilsTest:testReceiver,1,1,9.0,9.0,9.0,0.0,0.0,0.0,9.0,9.0,9.0,0.0,1.0,-1.0,-1.0,1.0,0.1111111111111111,0.0,true
com.puppycrawl.tools.checkstyle.checks.javadoc.JavadocTypeCheckTest:testGetRequiredTokens,1,1,1.0,1.0,1.0,0.0,0.0,0.0,1.0,1.0,1.0,0.0,0.0,0.0,0.0,1.0,1.0,0.0,true
com.puppycrawl.tools.checkstyle.checks.annotation.MissingDeprecatedCheckTest:testBadDeprecatedAnnotation,1,1,1.0,1.0,1.0,0.0,0.0,0.0,1.0,1.0,1.0,0.0,0.0,0.0,0.0,1.0,1.0,0.0,true
com.puppycrawl.tools.checkstyle.checks.UniquePropertiesCheckTest:testWrongKeyTypeInProperties,1,1,2.0,2.0,2.0,0.0,0.0,0.0,2.0,2.0,2.0,0.0,0.0,0.0,0.0,1.0,0.5,0.0,true
com.puppycrawl.tools.checkstyle.checks.indentation.indentation.InputIndentationLambda1:f,1,1,0.0,0.0,0.0,0.0,0.0,0.0,0.0,0.0,0.0,0.0,0.0,0.0,0.0,1.0,0.0,0.0,true
com.puppycrawl.tools.checkstyle.internal.AllChecksTest:isSubset,1,1,4.0,4.0,4.0,0.0,0.0,0.0,4.0,4.0,4.0,0.0,0.0,0.0,0.0,1.0,0.25,0.0,true
com.puppycrawl.tools.checkstyle.utils.TokenUtilsTest:testGetAllTokenIds,1,1,6.0,6.0,6.0,0.0,0.0,0.0,6.0,6.0,6.0,0.0,0.0,0.0,0.0,1.0,0.16666666666666666,0.0,true
com.google.checkstyle.test.chapter4formatting.rule485annotations.AnnotationLocationTest:testAnnotationVariables,3,2,21.0,11.0,7.0,0.0,0.0,0.0,21.0,11.0,7.0,0.0,0.0,0.0,0.0,0.6666666666666666,0.047619047619047616,0.0,true
com.puppycrawl.tools.checkstyle.checks.blocks.RightCurlyCheckTest:testTryWithResourceAlone,3,3,7.0,5.0,2.3333333333333335,0.0,0.0,0.0,7.0,5.0,2.3333333333333335,0.0,0.0,0.0,0.0,0.3333333333333333,0.14285714285714285,0.0,true
com.puppycrawl.tools.checkstyle.grammars.javadoc.JavadocParseTreeTest:textBeforeJavadocTags,2,1,0.0,0.0,0.0,5.0,5.0,2.5,-5.0,-5.0,-2.5,0.0,0.0,0.0,0.0,1.0,0.0,0.0,true
com.puppycrawl.tools.checkstyle.checks.indentation.CommentsIndentationCheck:isDistributedThrowStatement,1,1,0.0,0.0,0.0,0.0,0.0,0.0,0.0,0.0,0.0,0.0,0.0,0.0,0.0,1.0,0.0,0.0,true
com.puppycrawl.tools.checkstyle.checks.coding.ExplicitInitializationCheckTest:testDefault,1,1,0.0,0.0,0.0,0.0,0.0,0.0,0.0,0.0,0.0,0.0,0.0,0.0,0.0,1.0,0.0,0.0,true
com.puppycrawl.tools.checkstyle.gui.ParseTreeTableModel:getColumnCount,1,1,0.0,0.0,0.0,0.0,0.0,0.0,0.0,0.0,0.0,0.0,0.0,0.0,0.0,1.0,0.0,0.0,true
com.puppycrawl.tools.checkstyle.utils.ModuleReflectionUtils:ModuleReflectionUtils,1,1,4.0,4.0,4.0,0.0,0.0,0.0,4.0,4.0,4.0,0.0,0.0,0.0,0.0,1.0,0.25,0.0,true
com.puppycrawl.tools.checkstyle.utils.AnnotationUtility:getAnnotation,2,2,5.0,4.0,2.5,1.0,1.0,0.5,4.0,3.0,2.0,0.0,0.0,0.0,0.0,0.5,0.2,0.3333333333333333,true
com.puppycrawl.tools.checkstyle.checks.indentation.IndentationCheckTest:testArgumentOrderOfErrorMessages,1,1,1.0,1.0,1.0,0.0,0.0,0.0,1.0,1.0,1.0,0.0,0.0,0.0,0.0,1.0,1.0,0.0,true
com.puppycrawl.tools.checkstyle.checks.design.onetoplevelclass.InputOneTopLevelClassClone:InputOneTopLevelClassClone,1,1,4.0,4.0,4.0,0.0,0.0,0.0,4.0,4.0,4.0,0.0,0.0,0.0,0.0,1.0,0.25,0.0,true
com.puppycrawl.tools.checkstyle.checks.coding.RequireThisCheckTest:testStatic,1,1,6.0,6.0,6.0,0.0,0.0,0.0,6.0,6.0,6.0,0.0,0.0,0.0,0.0,1.0,0.16666666666666666,0.0,true
com.puppycrawl.tools.checkstyle.JavadocDetailNodeParser:getFormattedNodeClassNameWithoutContext,1,1,5.0,5.0,5.0,0.0,0.0,0.0,5.0,5.0,5.0,0.0,0.0,0.0,0.0,1.0,0.2,0.0,true
com.puppycrawl.tools.checkstyle.checks.TrailingCommentCheck:beginTree,4,3,1.0,1.0,0.25,0.0,0.0,0.0,1.0,1.0,0.25,0.0,0.0,0.0,0.0,0.5,3.0,0.0,true
com.google.checkstyle.test.chapter4formatting.rule4841indentation.IndentationTest:testCorrectReturn,1,1,7.0,7.0,7.0,0.0,0.0,0.0,7.0,7.0,7.0,0.0,0.0,0.0,0.0,1.0,0.14285714285714285,0.0,true
com.puppycrawl.tools.checkstyle.checks.whitespace.parenpad.InputParenPadLambdaOnlyWithSpace:someMethod,1,1,2.0,2.0,2.0,0.0,0.0,0.0,2.0,2.0,2.0,0.0,0.0,0.0,0.0,1.0,0.5,0.0,true
com.puppycrawl.tools.checkstyle.checks.coding.IllegalTypeCheckTest:testSameFileNameGeneral,1,1,0.0,0.0,0.0,0.0,0.0,0.0,0.0,0.0,0.0,0.0,0.0,0.0,0.0,1.0,0.0,0.0,true
com.puppycrawl.tools.checkstyle.checks.javadoc.InputCorrectJavaDocParagraph:test,1,1,4.0,4.0,4.0,0.0,0.0,0.0,4.0,4.0,4.0,0.0,0.0,0.0,0.0,1.0,0.25,0.0,true
com.puppycrawl.tools.checkstyle.checks.indentation.LineWrappingHandler:isEndOfScope,1,1,41.0,41.0,41.0,22.0,22.0,22.0,19.0,19.0,19.0,0.0,1.0,1.0,1.0,1.0,0.024390243902439025,0.031746031746031744,true
com.puppycrawl.tools.checkstyle.checks.indentation.CommentsIndentationCheck:handleFallThroughComment,1,1,0.0,0.0,0.0,0.0,0.0,0.0,0.0,0.0,0.0,0.0,0.0,0.0,0.0,1.0,0.0,0.0,true
com.puppycrawl.tools.checkstyle.checks.naming.parametername.InputAccessModifier:i4,1,1,2.0,2.0,2.0,0.0,0.0,0.0,2.0,2.0,2.0,0.0,0.0,0.0,0.0,1.0,0.5,0.0,true
com.puppycrawl.tools.checkstyle.internal.XdocsPagesTest:validateStyleChecks,1,1,21.0,21.0,21.0,0.0,0.0,0.0,21.0,21.0,21.0,0.0,2.0,-1.0,-1.0,1.0,0.047619047619047616,0.0,false
com.puppycrawl.tools.checkstyle.checks.javadoc.JavadocTagInfoTest:testSerialField,1,1,1.0,1.0,1.0,0.0,0.0,0.0,1.0,1.0,1.0,0.0,0.0,0.0,0.0,1.0,1.0,0.0,true
com.puppycrawl.tools.checkstyle.checks.naming.parametername.InputAccessModifier:i3,1,1,2.0,2.0,2.0,0.0,0.0,0.0,2.0,2.0,2.0,0.0,0.0,0.0,0.0,1.0,0.5,0.0,true
com.puppycrawl.tools.checkstyle.gui.ParseTreeTablePresentationTest:getPath,1,1,10.0,10.0,10.0,0.0,0.0,0.0,10.0,10.0,10.0,0.0,0.0,0.0,0.0,1.0,0.1,0.0,true
com.puppycrawl.tools.checkstyle.checks.imports.ImportControlLoader:getRoot,2,2,1.0,1.0,0.5,0.0,0.0,0.0,1.0,1.0,0.5,0.0,0.0,0.0,0.0,0.5,1.0,0.0,true
com.google.checkstyle.test.base.BaseCheckTestSupport:removeDeviceFromPathOnWindows,1,1,6.0,6.0,6.0,0.0,0.0,0.0,6.0,6.0,6.0,0.0,0.0,0.0,0.0,1.0,0.16666666666666666,0.0,true
com.puppycrawl.tools.checkstyle.TreeWalkerTest:testBehaviourWithOnlyOrdinaryChecks,1,1,17.0,17.0,17.0,0.0,0.0,0.0,17.0,17.0,17.0,0.0,0.0,0.0,0.0,1.0,0.058823529411764705,0.0,true
com.google.checkstyle.test.chapter3filestructure.rule3sourcefile.EmptyLineSeparatorTest:testEmptyLineSeparator,1,1,9.0,9.0,9.0,0.0,0.0,0.0,9.0,9.0,9.0,0.0,0.0,0.0,0.0,1.0,0.1111111111111111,0.0,true
com.puppycrawl.tools.checkstyle.checks.blocks.LeftCurlyCheckTest:getNonCompilablePath,1,1,2.0,2.0,2.0,0.0,0.0,0.0,2.0,2.0,2.0,0.0,0.0,0.0,0.0,1.0,0.5,0.0,true
com.puppycrawl.tools.checkstyle.checks.whitespace.nowhitespacebefore.InputNoWhitespaceBeforeMethodRef:methodName,1,1,5.0,5.0,5.0,0.0,0.0,0.0,5.0,5.0,5.0,0.0,0.0,0.0,0.0,1.0,0.2,0.0,true
com.puppycrawl.tools.checkstyle.AstTreeStringPrinter:getNodeInfo,1,1,0.0,0.0,0.0,0.0,0.0,0.0,0.0,0.0,0.0,0.0,0.0,0.0,0.0,1.0,0.0,0.0,true
com.puppycrawl.tools.checkstyle.checks.coding.nofinalizer.InputNoFinalizerFallThrough:nextedSwitches2,1,1,9.0,9.0,9.0,0.0,0.0,0.0,9.0,9.0,9.0,0.0,0.0,0.0,0.0,1.0,0.1111111111111111,0.0,true
com.puppycrawl.tools.checkstyle.checks.design.designforextension.InputDesignForExtensionIgnoredAnnotations:foo16,1,1,3.0,3.0,3.0,0.0,0.0,0.0,3.0,3.0,3.0,0.0,0.0,0.0,0.0,1.0,0.3333333333333333,0.0,true
com.puppycrawl.tools.checkstyle.checks.header.HeaderCheckTest:testSetHeaderTwice,2,2,3.0,2.0,1.5,0.0,0.0,0.0,3.0,2.0,1.5,0.0,0.0,0.0,0.0,0.5,0.3333333333333333,0.0,true
com.puppycrawl.tools.checkstyle.checks.design.designforextension.InputDesignForExtensionIgnoredAnnotations:foo17,2,2,3.0,3.0,1.5,0.0,0.0,0.0,3.0,3.0,1.5,0.0,0.0,0.0,0.0,0.5,0.3333333333333333,0.0,true
com.puppycrawl.tools.checkstyle.checks.design.designforextension.InputDesignForExtensionIgnoredAnnotations:foo18,2,2,3.0,3.0,1.5,0.0,0.0,0.0,3.0,3.0,1.5,0.0,0.0,0.0,0.0,0.5,0.3333333333333333,0.0,true
com.puppycrawl.tools.checkstyle.checks.design.designforextension.InputDesignForExtensionIgnoredAnnotations:foo19,2,2,3.0,3.0,1.5,0.0,0.0,0.0,3.0,3.0,1.5,0.0,0.0,0.0,0.0,0.5,0.3333333333333333,0.0,true
com.puppycrawl.tools.checkstyle.checks.metrics.ClassFanOutComplexityCheckTest:testExcludedPackagesAllIgnored,1,1,7.0,7.0,7.0,0.0,0.0,0.0,7.0,7.0,7.0,0.0,0.0,0.0,0.0,1.0,0.14285714285714285,0.0,true
com.puppycrawl.tools.checkstyle.utils.CheckUtilsTest:testIsSetterMethod,1,1,21.0,21.0,21.0,0.0,0.0,0.0,21.0,21.0,21.0,0.0,0.0,0.0,0.0,1.0,0.047619047619047616,0.0,true
com.puppycrawl.tools.checkstyle.checks.indentation.IndentationCheckTest:testClassesAndMethods,1,1,1.0,1.0,1.0,0.0,0.0,0.0,1.0,1.0,1.0,0.0,0.0,0.0,0.0,1.0,1.0,0.0,true
com.puppycrawl.tools.checkstyle.utils.CommonUtilsTest:testBadRegex2,2,2,35.0,33.0,17.5,1.0,1.0,0.5,34.0,32.0,17.0,0.0,0.0,0.0,0.0,0.5,0.02857142857142857,0.05555555555555555,true
com.puppycrawl.tools.checkstyle.checks.indentation.indentation.InputIndentationInvalidLabelIndent:InputIndentationInvalidLabelIndent,2,2,15.0,15.0,7.5,0.0,0.0,0.0,15.0,15.0,7.5,0.0,1.0,0.0,0.0,0.5,0.06666666666666667,0.0,true
com.puppycrawl.tools.checkstyle.checks.design.designforextension.InputDesignForExtensionIgnoredAnnotations:foo10,1,1,3.0,3.0,3.0,0.0,0.0,0.0,3.0,3.0,3.0,0.0,0.0,0.0,0.0,1.0,0.3333333333333333,0.0,true
com.puppycrawl.tools.checkstyle.checks.design.designforextension.InputDesignForExtensionIgnoredAnnotations:foo11,1,1,3.0,3.0,3.0,0.0,0.0,0.0,3.0,3.0,3.0,0.0,0.0,0.0,0.0,1.0,0.3333333333333333,0.0,true
com.puppycrawl.tools.checkstyle.gui.ParseTreeTablePresentation:getColumnName,1,1,0.0,0.0,0.0,0.0,0.0,0.0,0.0,0.0,0.0,0.0,0.0,0.0,0.0,1.0,0.0,0.0,true
com.puppycrawl.tools.checkstyle.checks.design.designforextension.InputDesignForExtensionIgnoredAnnotations:foo12,1,1,3.0,3.0,3.0,0.0,0.0,0.0,3.0,3.0,3.0,0.0,0.0,0.0,0.0,1.0,0.3333333333333333,0.0,true
com.puppycrawl.tools.checkstyle.checks.design.designforextension.InputDesignForExtensionIgnoredAnnotations:foo13,1,1,3.0,3.0,3.0,0.0,0.0,0.0,3.0,3.0,3.0,0.0,0.0,0.0,0.0,1.0,0.3333333333333333,0.0,true
com.puppycrawl.tools.checkstyle.checks.design.DesignForExtensionCheck:canBeSubclassed,1,1,5.0,5.0,5.0,0.0,0.0,0.0,5.0,5.0,5.0,0.0,0.0,0.0,0.0,1.0,0.2,0.0,true
com.puppycrawl.tools.checkstyle.checks.metrics.AbstractClassCouplingCheck:setExcludedPackages,1,1,34.0,34.0,34.0,0.0,0.0,0.0,34.0,34.0,34.0,0.0,0.0,0.0,0.0,1.0,0.029411764705882353,0.0,true
com.puppycrawl.tools.checkstyle.MainTest:testExistingDirectoryWithViolations,2,2,1.0,1.0,0.5,0.0,0.0,0.0,1.0,1.0,0.5,0.0,0.0,0.0,0.0,0.5,1.0,0.0,true
com.puppycrawl.tools.checkstyle.checks.annotation.MissingOverrideCheckTest:testNotOverride,1,1,2.0,2.0,2.0,0.0,0.0,0.0,2.0,2.0,2.0,0.0,0.0,0.0,0.0,1.0,0.5,0.0,true
com.puppycrawl.tools.checkstyle.checks.design.designforextension.InputDesignForExtensionIgnoredAnnotations:foo14,1,1,3.0,3.0,3.0,0.0,0.0,0.0,3.0,3.0,3.0,0.0,0.0,0.0,0.0,1.0,0.3333333333333333,0.0,true
com.puppycrawl.tools.checkstyle.gui.MainFrameModelTest:verifyCorrectTestDataInFrameModel,1,1,3.0,3.0,3.0,0.0,0.0,0.0,3.0,3.0,3.0,0.0,0.0,0.0,0.0,1.0,0.3333333333333333,0.0,true
com.puppycrawl.tools.checkstyle.checks.design.designforextension.InputDesignForExtensionIgnoredAnnotations:foo15,1,1,3.0,3.0,3.0,0.0,0.0,0.0,3.0,3.0,3.0,0.0,0.0,0.0,0.0,1.0,0.3333333333333333,0.0,true
com.puppycrawl.tools.checkstyle.ant.CheckstyleAntTask:addPath,1,1,49.0,49.0,49.0,4.0,4.0,4.0,45.0,45.0,45.0,0.0,1.0,0.0,0.0,1.0,0.02040816326530612,0.03773584905660377,true
com.puppycrawl.tools.checkstyle.internal.AllChecksTest:testAllCheckTokensAreReferencedInCheckstyleConfigFile,1,1,38.0,38.0,38.0,0.0,0.0,0.0,38.0,38.0,38.0,0.0,3.0,0.0,0.0,1.0,0.02631578947368421,0.0,true
com.puppycrawl.tools.checkstyle.checks.annotation.AnnotationUseStyleCheckTest:testParensAlways,1,1,6.0,6.0,6.0,0.0,0.0,0.0,6.0,6.0,6.0,0.0,0.0,0.0,0.0,1.0,0.16666666666666666,0.0,true
com.puppycrawl.tools.checkstyle.grammars.javadoc.ParseTreeBuilder:treeInlineCustomJavadocTag,1,1,56.0,56.0,56.0,0.0,0.0,0.0,56.0,56.0,56.0,0.0,0.0,0.0,0.0,1.0,0.017857142857142856,0.0,true
com.puppycrawl.tools.checkstyle.internal.XdocsPagesTest:validatePropertySectionPropertyEx,1,1,19.0,19.0,19.0,13.0,13.0,13.0,6.0,6.0,6.0,0.0,2.0,0.0,0.0,1.0,0.05263157894736842,0.0625,true
com.puppycrawl.tools.checkstyle.checks.metrics.NPathComplexityCheck:getDefaultTokens,1,1,2.0,2.0,2.0,0.0,0.0,0.0,2.0,2.0,2.0,0.0,0.0,0.0,0.0,1.0,0.5,0.0,true
com.puppycrawl.tools.checkstyle.checks.imports.CustomImportOrderCheckTest:getPath,1,1,1.0,1.0,1.0,0.0,0.0,0.0,1.0,1.0,1.0,0.0,0.0,0.0,0.0,1.0,1.0,0.0,true
com.google.checkstyle.test.chapter4formatting.rule462horizontalwhitespace.InputParenPad:foo,1,1,3.0,3.0,3.0,0.0,0.0,0.0,3.0,3.0,3.0,0.0,0.0,0.0,0.0,1.0,0.3333333333333333,0.0,true
com.puppycrawl.tools.checkstyle.CheckerTest:testIgnoredFileExtensions,1,1,0.0,0.0,0.0,0.0,0.0,0.0,0.0,0.0,0.0,0.0,0.0,0.0,0.0,1.0,0.0,0.0,true
com.puppycrawl.tools.checkstyle.checks.design.ThrowsCountCheckTest:testGetAcceptableTokens,1,1,0.0,0.0,0.0,0.0,0.0,0.0,0.0,0.0,0.0,0.0,0.0,0.0,0.0,1.0,0.0,0.0,true
com.puppycrawl.tools.checkstyle.checks.imports.ImportControlRegExpTest:testLocateFinest,1,1,1.0,1.0,1.0,0.0,0.0,0.0,1.0,1.0,1.0,0.0,0.0,0.0,0.0,1.0,1.0,0.0,true
com.google.checkstyle.test.chapter3filestructure.rule341onetoplevel.OneTopLevelClassTest:testBad2,1,1,9.0,9.0,9.0,0.0,0.0,0.0,9.0,9.0,9.0,0.0,0.0,0.0,0.0,1.0,0.1111111111111111,0.0,true
com.google.checkstyle.test.chapter3filestructure.rule341onetoplevel.OneTopLevelClassTest:testBad1,1,1,9.0,9.0,9.0,0.0,0.0,0.0,9.0,9.0,9.0,0.0,0.0,0.0,0.0,1.0,0.1111111111111111,0.0,true
com.puppycrawl.tools.checkstyle.checks.coding.ExplicitInitializationCheck:visitToken,2,2,30.0,29.0,15.0,13.0,12.0,6.5,17.0,17.0,8.5,0.0,2.0,0.0,0.0,0.5,0.03333333333333333,0.046511627906976744,true
com.puppycrawl.tools.checkstyle.checks.whitespace.SingleSpaceSeparatorCheck:getRequiredTokens,1,1,3.0,3.0,3.0,0.0,0.0,0.0,3.0,3.0,3.0,0.0,0.0,0.0,0.0,1.0,0.3333333333333333,0.0,true
com.puppycrawl.tools.checkstyle.checks.design.DesignForExtensionCheck:hasJavadocComment,1,1,5.0,5.0,5.0,0.0,0.0,0.0,5.0,5.0,5.0,0.0,0.0,0.0,0.0,1.0,0.2,0.0,true
com.puppycrawl.tools.checkstyle.api.AutomaticBean:createBeanUtilsBean,1,1,28.0,28.0,28.0,0.0,0.0,0.0,28.0,28.0,28.0,0.0,0.0,0.0,0.0,1.0,0.03571428571428571,0.0,true
com.puppycrawl.tools.checkstyle.PackageObjectFactoryTest:testCreateObjectFromMap,1,1,12.0,12.0,12.0,0.0,0.0,0.0,12.0,12.0,12.0,0.0,0.0,0.0,0.0,1.0,0.08333333333333333,0.0,true
com.puppycrawl.tools.checkstyle.checks.indentation.IndentationCheckTest:testBraceAdjustment,1,1,1.0,1.0,1.0,0.0,0.0,0.0,1.0,1.0,1.0,0.0,0.0,0.0,0.0,1.0,1.0,0.0,true
com.puppycrawl.tools.checkstyle.checks.indentation.IndentationCheckTest:testSeparatedStatements,1,1,1.0,1.0,1.0,0.0,0.0,0.0,1.0,1.0,1.0,0.0,0.0,0.0,0.0,1.0,1.0,0.0,true
com.puppycrawl.tools.checkstyle.checks.coding.PackageDeclarationCheckTest:getPath,1,1,0.0,0.0,0.0,0.0,0.0,0.0,0.0,0.0,0.0,0.0,0.0,0.0,0.0,1.0,0.0,0.0,true
com.puppycrawl.tools.checkstyle.utils.ScopeUtilsTest:testIsClassFieldDef,1,1,12.0,12.0,12.0,0.0,0.0,0.0,12.0,12.0,12.0,0.0,0.0,0.0,0.0,1.0,0.08333333333333333,0.0,true
com.puppycrawl.tools.checkstyle.checks.imports.ImportOrderCheck:doVisitTokenInSameGroup,1,1,5.0,5.0,5.0,0.0,0.0,0.0,5.0,5.0,5.0,0.0,0.0,0.0,0.0,1.0,0.2,0.0,true
com.puppycrawl.tools.checkstyle.checks.header.RegexpHeaderCheck:setHeader,1,1,0.0,0.0,0.0,1.0,1.0,1.0,-1.0,-1.0,-1.0,0.0,0.0,0.0,0.0,1.0,0.0,0.0,true
com.google.checkstyle.test.chapter4formatting.rule451wheretobreak.InputSeparatorWrapMethodRef:goodCase,1,1,4.0,4.0,4.0,0.0,0.0,0.0,4.0,4.0,4.0,0.0,0.0,0.0,0.0,1.0,0.25,0.0,true
com.puppycrawl.tools.checkstyle.checks.blocks.NeedBracesCheckTest:testIt,1,1,2.0,2.0,2.0,0.0,0.0,0.0,2.0,2.0,2.0,0.0,0.0,0.0,0.0,1.0,0.5,0.0,true
com.puppycrawl.tools.checkstyle.utils.TokenUtilsTest:tetsGetTokenTypesTotalNumber,1,1,6.0,6.0,6.0,0.0,0.0,0.0,6.0,6.0,6.0,0.0,0.0,0.0,0.0,1.0,0.16666666666666666,0.0,true
com.puppycrawl.tools.checkstyle.TreeWalkerTest:testProperFileExtension,2,2,0.0,0.0,0.0,0.0,0.0,0.0,0.0,0.0,0.0,0.0,0.0,0.0,0.0,0.5,0.0,0.0,true
com.puppycrawl.tools.checkstyle.checks.sizes.MethodLengthCheck:setMax,1,1,0.0,0.0,0.0,0.0,0.0,0.0,0.0,0.0,0.0,0.0,0.0,0.0,0.0,1.0,0.0,0.0,true
com.puppycrawl.tools.checkstyle.PackageObjectFactory:createObject,3,2,38.0,33.0,12.666666666666666,4.0,4.0,1.3333333333333333,34.0,29.0,11.333333333333332,0.0,1.0,0.0,0.0,0.6666666666666666,0.02631578947368421,0.07142857142857142,true
com.puppycrawl.tools.checkstyle.checks.indentation.IndentationCheckTest:testIndentationLevel,1,1,1.0,1.0,1.0,0.0,0.0,0.0,1.0,1.0,1.0,0.0,0.0,0.0,0.0,1.0,1.0,0.0,true
com.puppycrawl.tools.checkstyle.checks.javadoc.JavadocMethodCheck:checkComment,2,2,1.0,1.0,0.5,25.0,24.0,12.5,-24.0,-23.0,-12.0,0.0,1.0,0.0,0.0,0.5,1.0,0.07692307692307693,true
com.puppycrawl.tools.checkstyle.MainTest:testCustomSimpleRootModule,1,1,12.0,12.0,12.0,0.0,0.0,0.0,12.0,12.0,12.0,0.0,0.0,0.0,0.0,1.0,0.08333333333333333,0.0,true
com.puppycrawl.tools.checkstyle.grammars.javadoc.JavadocParseTreeTest:allJavadocInlineTags,2,1,0.0,0.0,0.0,5.0,5.0,2.5,-5.0,-5.0,-2.5,0.0,0.0,0.0,0.0,1.0,0.0,0.0,true
com.puppycrawl.tools.checkstyle.MainTest:testConflictingOptionsTvsC,1,1,26.0,26.0,26.0,90.0,90.0,90.0,-64.0,-64.0,-64.0,0.0,0.0,0.0,0.0,1.0,0.038461538461538464,0.017241379310344827,true
com.puppycrawl.tools.checkstyle.internal.XdocsPagesTest:testAllCheckSectionsEx,2,1,16.0,16.0,8.0,0.0,0.0,0.0,16.0,16.0,8.0,0.0,1.0,0.0,0.0,1.0,0.0625,0.0,true
com.google.checkstyle.test.chapter3filestructure.rule333orderingandspacing.CustomImportOrderTest:testCustomImport3,3,3,11.0,7.0,3.6666666666666665,0.0,0.0,0.0,11.0,7.0,3.6666666666666665,0.0,0.0,0.0,0.0,0.3333333333333333,0.09090909090909091,0.0,true
com.google.checkstyle.test.chapter3filestructure.rule333orderingandspacing.CustomImportOrderTest:testCustomImport1,3,3,11.0,7.0,3.6666666666666665,0.0,0.0,0.0,11.0,7.0,3.6666666666666665,0.0,0.0,0.0,0.0,0.3333333333333333,0.09090909090909091,0.0,true
com.puppycrawl.tools.checkstyle.TestBeforeExecutionFileFilter:resetFilter,1,1,4.0,4.0,4.0,0.0,0.0,0.0,4.0,4.0,4.0,0.0,0.0,0.0,0.0,1.0,0.25,0.0,true
com.google.checkstyle.test.chapter3filestructure.rule333orderingandspacing.CustomImportOrderTest:testCustomImport2,2,2,11.0,7.0,5.5,0.0,0.0,0.0,11.0,7.0,5.5,0.0,0.0,0.0,0.0,0.5,0.09090909090909091,0.0,true
com.puppycrawl.tools.checkstyle.checks.coding.equalshashcode.InputEqualsHashCodeSemantic:triggerEmptyBlockWithoutBlock,1,1,3.0,3.0,3.0,0.0,0.0,0.0,3.0,3.0,3.0,0.0,1.0,0.0,0.0,1.0,0.3333333333333333,0.0,true
com.puppycrawl.tools.checkstyle.api.FileContents:lineIsBlank,1,1,1.0,1.0,1.0,0.0,0.0,0.0,1.0,1.0,1.0,0.0,0.0,0.0,0.0,1.0,1.0,0.0,true
com.puppycrawl.tools.checkstyle.checks.imports.CustomImportOrderCheck:finishImportList,1,1,11.0,11.0,11.0,0.0,0.0,0.0,11.0,11.0,11.0,0.0,0.0,0.0,0.0,1.0,0.09090909090909091,0.0,true
com.puppycrawl.tools.checkstyle.checks.blocks.rightcurly.InputRightCurlyAloneOrSingleline:foo29,1,1,0.0,0.0,0.0,0.0,0.0,0.0,0.0,0.0,0.0,0.0,0.0,0.0,0.0,1.0,0.0,0.0,true
com.puppycrawl.tools.checkstyle.grammars.java8.InputLambda13:testVoidLambda,1,1,1.0,1.0,1.0,0.0,0.0,0.0,1.0,1.0,1.0,0.0,0.0,0.0,0.0,1.0,1.0,0.0,true
com.puppycrawl.tools.checkstyle.checks.indentation.IndentationCheckTest:testValidSwitchWithChecker,1,1,1.0,1.0,1.0,0.0,0.0,0.0,1.0,1.0,1.0,0.0,0.0,0.0,0.0,1.0,1.0,0.0,true
com.puppycrawl.tools.checkstyle.utils.ScopeUtilsTest:testInEnumBlockInNew,1,1,12.0,12.0,12.0,0.0,0.0,0.0,12.0,12.0,12.0,0.0,0.0,0.0,0.0,1.0,0.08333333333333333,0.0,true
com.puppycrawl.tools.checkstyle.ant.CheckstyleAntTaskTest:testConfigurationByResource,2,2,32.0,22.0,16.0,9.0,9.0,4.5,23.0,13.0,11.5,0.0,0.0,0.0,0.0,0.5,0.03125,0.04878048780487805,true
com.puppycrawl.tools.checkstyle.internal.AllChecksTest:validateAllCheckTokensAreReferencedInConfigFile,4,2,80.0,39.0,20.0,1.0,1.0,0.25,79.0,38.0,19.75,0.0,6.0,0.0,0.0,0.75,0.0125,0.04938271604938271,true
com.puppycrawl.tools.checkstyle.ant.CheckstyleAntTaskTest:getCheckstyleAntTask,2,2,17.0,10.0,8.5,9.0,9.0,4.5,8.0,1.0,4.0,0.0,0.0,0.0,0.0,0.5,0.058823529411764705,0.07692307692307693,true
com.puppycrawl.tools.checkstyle.checks.blocks.rightcurly.InputRightCurlyAloneOrSingleline:foo30,1,1,11.0,11.0,11.0,0.0,0.0,0.0,11.0,11.0,11.0,0.0,1.0,0.0,0.0,1.0,0.09090909090909091,0.0,true
com.puppycrawl.tools.checkstyle.checks.ClassResolver:resolveInPackage,1,1,13.0,13.0,13.0,0.0,0.0,0.0,13.0,13.0,13.0,0.0,2.0,0.0,0.0,1.0,0.07692307692307693,0.0,true
com.puppycrawl.tools.checkstyle.grammars.java8.InputLambda12:testVoidLambda,1,1,0.0,0.0,0.0,0.0,0.0,0.0,0.0,0.0,0.0,0.0,0.0,0.0,0.0,1.0,0.0,0.0,true
com.google.checkstyle.test.chapter4formatting.rule462horizontalwhitespace.InputParenPad:bar,1,1,3.0,3.0,3.0,0.0,0.0,0.0,3.0,3.0,3.0,0.0,0.0,0.0,0.0,1.0,0.3333333333333333,0.0,true
com.puppycrawl.tools.checkstyle.api.AutomaticBean:registerIntegralTypes,4,1,41.0,28.0,10.25,0.0,0.0,0.0,41.0,28.0,10.25,0.0,0.0,0.0,0.0,1.0,0.04878048780487805,0.0,true
com.puppycrawl.tools.checkstyle.utils.ScopeUtilsTest:testInEnumBlockWithEnum,1,1,12.0,12.0,12.0,0.0,0.0,0.0,12.0,12.0,12.0,0.0,0.0,0.0,0.0,1.0,0.08333333333333333,0.0,true
com.puppycrawl.tools.checkstyle.checks.imports.ImportControlCheckTest:testUnknown,2,2,12.0,9.0,6.0,0.0,0.0,0.0,12.0,9.0,6.0,0.0,0.0,0.0,0.0,0.5,0.08333333333333333,0.0,true
com.puppycrawl.tools.checkstyle.checks.blocks.LeftCurlyCheckTest:testGetRequiredTokens,1,1,0.0,0.0,0.0,0.0,0.0,0.0,0.0,0.0,0.0,0.0,0.0,0.0,0.0,1.0,0.0,0.0,true
com.puppycrawl.tools.checkstyle.ant.CheckstyleAntTaskTest:testSetClassName,2,2,0.0,0.0,0.0,0.0,0.0,0.0,0.0,0.0,0.0,0.0,0.0,0.0,0.0,0.5,0.0,0.0,true
com.puppycrawl.tools.checkstyle.checks.coding.FinalLocalVariableCheck:updateUninitializedVariables,1,1,8.0,8.0,8.0,0.0,0.0,0.0,8.0,8.0,8.0,0.0,1.0,0.0,0.0,1.0,0.125,0.0,true
com.puppycrawl.tools.checkstyle.PropertyCacheFile:reset,1,1,5.0,5.0,5.0,0.0,0.0,0.0,5.0,5.0,5.0,0.0,0.0,0.0,0.0,1.0,0.2,0.0,true
com.google.checkstyle.test.chapter4formatting.rule412nonemptyblocks.InputRightCurlyOtherAlone:foo,1,1,39.0,39.0,39.0,0.0,0.0,0.0,39.0,39.0,39.0,0.0,3.0,-3.0,-3.0,1.0,0.02564102564102564,0.0,true
com.puppycrawl.tools.checkstyle.ant.CheckstyleAntTaskTest:testPackageNamesLoaderStreamClosed,1,1,8.0,8.0,8.0,0.0,0.0,0.0,8.0,8.0,8.0,0.0,0.0,0.0,0.0,1.0,0.125,0.0,true
com.google.checkstyle.test.chapter4formatting.rule451wheretobreak.SeparatorWrapTest:testSeparatorWrapMethodRef,2,2,14.0,7.0,7.0,0.0,0.0,0.0,14.0,7.0,7.0,0.0,0.0,0.0,0.0,0.5,0.14285714285714285,0.0,true
com.puppycrawl.tools.checkstyle.checks.naming.parametername.InputAccessModifier:i2,1,1,2.0,2.0,2.0,0.0,0.0,0.0,2.0,2.0,2.0,0.0,0.0,0.0,0.0,1.0,0.5,0.0,true
com.puppycrawl.tools.checkstyle.checks.naming.parametername.InputAccessModifier:i1,1,1,2.0,2.0,2.0,0.0,0.0,0.0,2.0,2.0,2.0,0.0,0.0,0.0,0.0,1.0,0.5,0.0,true
com.puppycrawl.tools.checkstyle.checks.metrics.AbstractClassCouplingCheck:beginTree,1,1,34.0,34.0,34.0,0.0,0.0,0.0,34.0,34.0,34.0,0.0,0.0,0.0,0.0,1.0,0.029411764705882353,0.0,true
com.puppycrawl.tools.checkstyle.api.AbstractCheckTest:testGetAcceptableTokens,2,2,24.0,13.0,12.0,0.0,0.0,0.0,24.0,13.0,12.0,0.0,0.0,0.0,0.0,0.5,0.041666666666666664,0.0,true
com.puppycrawl.tools.checkstyle.checks.indentation.SwitchHandler:getLeftCurly,1,1,3.0,3.0,3.0,0.0,0.0,0.0,3.0,3.0,3.0,0.0,0.0,0.0,0.0,1.0,0.3333333333333333,0.0,true
com.puppycrawl.tools.checkstyle.checks.blocks.RightCurlyCheckTest:testWithAnnotations,1,1,2.0,2.0,2.0,0.0,0.0,0.0,2.0,2.0,2.0,0.0,0.0,0.0,0.0,1.0,0.5,0.0,true
com.puppycrawl.tools.checkstyle.checks.indentation.CommentsIndentationCheckTest:testCommentsAfterAnnotation,1,1,6.0,6.0,6.0,0.0,0.0,0.0,6.0,6.0,6.0,0.0,0.0,0.0,0.0,1.0,0.16666666666666666,0.0,true
com.puppycrawl.tools.checkstyle.checks.javadoc.SummaryJavadocCheck:isOnlyInheritDoc,2,2,28.0,27.0,14.0,0.0,0.0,0.0,28.0,27.0,14.0,0.0,6.0,-3.0,-3.0,0.5,0.03571428571428571,0.0,true
com.puppycrawl.tools.checkstyle.utils.CommonUtilsTest:testIsNameEmptyString,1,1,3.0,3.0,3.0,0.0,0.0,0.0,3.0,3.0,3.0,0.0,0.0,0.0,0.0,1.0,0.3333333333333333,0.0,true
com.puppycrawl.tools.checkstyle.checks.imports.CustomImportOrderCheckTest:testStaticStandardThird,1,1,1.0,1.0,1.0,0.0,0.0,0.0,1.0,1.0,1.0,0.0,0.0,0.0,0.0,1.0,1.0,0.0,true
com.puppycrawl.tools.checkstyle.doclets.TokenTypesDoclet:optionLength,1,1,4.0,4.0,4.0,0.0,0.0,0.0,4.0,4.0,4.0,0.0,0.0,0.0,0.0,1.0,0.25,0.0,true
com.puppycrawl.tools.checkstyle.internal.CheckUtil:getJavadocTokenText,2,2,32.0,30.0,16.0,0.0,0.0,0.0,32.0,30.0,16.0,0.0,4.0,-2.0,-2.0,0.5,0.03125,0.0,true
com.puppycrawl.tools.checkstyle.checks.annotation.MissingOverrideCheckTest:testGoodOverrideFromOtherJ5Compatible,1,1,2.0,2.0,2.0,0.0,0.0,0.0,2.0,2.0,2.0,0.0,0.0,0.0,0.0,1.0,0.5,0.0,true
com.google.checkstyle.test.chapter3filestructure.rule331nowildcard.AvoidStarImportTest:testStarImport,1,1,7.0,7.0,7.0,0.0,0.0,0.0,7.0,7.0,7.0,0.0,0.0,0.0,0.0,1.0,0.14285714285714285,0.0,true
com.google.checkstyle.test.chapter4formatting.rule485annotations.InputAnnotationLocationVariables:InputAnnotationLocationVariables,1,1,2.0,2.0,2.0,0.0,0.0,0.0,2.0,2.0,2.0,0.0,0.0,0.0,0.0,1.0,0.5,0.0,true
com.puppycrawl.tools.checkstyle.ant.CheckstyleAntTaskTest:testConfigurationByUrl,2,2,32.0,22.0,16.0,9.0,9.0,4.5,23.0,13.0,11.5,0.0,0.0,0.0,0.0,0.5,0.03125,0.04878048780487805,true
com.puppycrawl.tools.checkstyle.filters.SuppressionFilterTest:testNonExistingSuppressionFileWithFalseOptional,2,2,11.0,11.0,5.5,0.0,0.0,0.0,11.0,11.0,5.5,0.0,0.0,0.0,0.0,0.5,0.09090909090909091,0.0,true
com.puppycrawl.tools.checkstyle.api.AutomaticBeanTest:testSetupInvalidChildFromBaseClass,1,1,0.0,0.0,0.0,0.0,0.0,0.0,0.0,0.0,0.0,0.0,0.0,0.0,0.0,1.0,0.0,0.0,true
com.puppycrawl.tools.checkstyle.checks.coding.requirethis.InputRequireThisAllowLocalVars:InputRequireThisAllowLocalVars,1,1,5.0,5.0,5.0,0.0,0.0,0.0,5.0,5.0,5.0,0.0,0.0,0.0,0.0,1.0,0.2,0.0,true
com.puppycrawl.tools.checkstyle.utils.CheckUtilsTest:testParseDouble,1,1,21.0,21.0,21.0,0.0,0.0,0.0,21.0,21.0,21.0,0.0,0.0,0.0,0.0,1.0,0.047619047619047616,0.0,true
com.puppycrawl.tools.checkstyle.checks.imports.ImportControlLoaderTest:testLoad,2,2,0.0,0.0,0.0,0.0,0.0,0.0,0.0,0.0,0.0,0.0,0.0,0.0,0.0,0.5,0.0,0.0,true
com.puppycrawl.tools.checkstyle.checks.SuppressWarningsHolderTest:testGetDefaultAlias,1,1,0.0,0.0,0.0,0.0,0.0,0.0,0.0,0.0,0.0,0.0,0.0,0.0,0.0,1.0,0.0,0.0,true
com.google.checkstyle.test.base.BaseCheckTestSupport:getCheckConfig,2,2,62.0,45.0,31.0,0.0,0.0,0.0,62.0,45.0,31.0,0.0,3.0,-1.0,-1.0,0.5,0.016129032258064516,0.0,true
com.puppycrawl.tools.checkstyle.MainTest:testPrintTreeCommentsOption,1,1,26.0,26.0,26.0,90.0,90.0,90.0,-64.0,-64.0,-64.0,0.0,0.0,0.0,0.0,1.0,0.038461538461538464,0.017241379310344827,true
com.puppycrawl.tools.checkstyle.checks.imports.ImportControlRegExpInPkgTest:testAlternationInParentIsHandledCorrectly,2,2,10.0,7.0,5.0,0.0,0.0,0.0,10.0,7.0,5.0,0.0,0.0,0.0,0.0,0.5,0.1,0.0,true
com.puppycrawl.tools.checkstyle.checks.indentation.indentation.InputIndentationValidDotIndent:InputIndentationValidDotIndent,2,2,20.0,20.0,10.0,0.0,0.0,0.0,20.0,20.0,10.0,0.0,0.0,0.0,0.0,0.5,0.05,0.0,true
com.puppycrawl.tools.checkstyle.gui.CodeSelectorPresentation:findSelectionPositions,1,1,17.0,17.0,17.0,0.0,0.0,0.0,17.0,17.0,17.0,0.0,0.0,0.0,0.0,1.0,0.058823529411764705,0.0,true
